<?xml version="1.0" encoding="UTF-8"?>

<!-- generated on 2025-12-10 10:53:16 by Eclipse SUMO GUI Version 1.18.0
<configuration xmlns:xsi="http://www.w3.org/2001/XMLSchema-instance" xsi:noNamespaceSchemaLocation="http://sumo.dlr.de/xsd/sumoConfiguration.xsd">

    <input>
        <net-file value="C:\Users\patma\mario_ws\FTO-Sim\simulation_examples\Spatial-Visibility_Ilic-TRB-2025\Ilic-2025_network.net.xml"/>
        <route-files value="C:\Users\patma\mario_ws\FTO-Sim\simulation_examples\Spatial-Visibility_Ilic-TRB-2025\Ilic-2025_demand-low.rou.xml"/>
        <additional-files value="C:\Users\patma\mario_ws\FTO-Sim\simulation_examples\Spatial-Visibility_Ilic-TRB-2025\Ilic-2025_parkinglots.add.xml"/>
    </input>

    <time>
        <begin value="0"/>
        <end value="270"/>
        <step-length value="0.1"/>
    </time>

    <processing>
        <ignore-route-errors value="true"/>
    </processing>

    <routing>
        <device.rerouting.adaptation-steps value="18"/>
        <device.rerouting.adaptation-interval value="10"/>
    </routing>

    <report>
        <verbose value="true"/>
        <duration-log.statistics value="true"/>
        <no-step-log value="true"/>
    </report>

</configuration>
-->

<SSMLog>
    <conflict begin="34.40" end="47.80" ego="flow_15.0" foe="flow_4.2">
        <minTTC time="NA" position="NA" type="NA" value="NA" speed="NA"/>
        <maxDRAC time="36.20" position="756.27,1495.13" type="10" value="3.28" speed="5.19"/>
        <PET time="44.57" position="756.27,1495.13" type="17" value="3.22" speed="5.20"/>
        <minPPET time="34.50" position="755.50,1494.41" type="11" value="1.44" speed="5.22"/>
        <maxMDRAC time="NA" position="NA" type="NA" value="NA" speed="NA"/>
    </conflict>
    <conflict begin="19.80" end="58.20" ego="flow_16.0" foe="flow_16.1">
        <minTTC time="27.90" position="748.37,1481.24" type="3" value="1.63" speed="0.00"/>
        <maxDRAC time="27.00" position="748.37,1481.24" type="3" value="1.45" speed="0.00"/>
        <PET time="NA" position="NA" type="NA" value="NA" speed="NA"/>
        <minPPET time="NA" position="NA" type="NA" value="NA" speed="NA"/>
        <maxMDRAC time="27.10" position="748.37,1481.24" type="3" value="3.16" speed="0.00"/>
    </conflict>
    <conflict begin="27.90" end="39.40" ego="flow_16.0" foe="flow_0.1">
        <minTTC time="NA" position="NA" type="NA" value="NA" speed="NA"/>
        <maxDRAC time="29.90" position="749.46,1496.46" type="11" value="0.03" speed="0.90"/>
        <PET time="34.79" position="749.46,1496.46" type="17" value="0.98" speed="5.64"/>
        <minPPET time="33.80" position="749.46,1496.46" type="13" value="1.15" speed="3.71"/>
        <maxMDRAC time="NA" position="NA" type="NA" value="NA" speed="NA"/>
    </conflict>
    <globalMeasures ego="flow_16.0">
        <timeSpan values="1.00 1.10 1.20 1.30 1.40 1.50 1.60 1.70 1.80 1.90 2.00 2.10 2.20 2.30 2.40 2.50 2.60 2.70 2.80 2.90 3.00 3.10 3.20 3.30 3.40 3.50 3.60 3.70 3.80 3.90 4.00 4.10 4.20 4.30 4.40 4.50 4.60 4.70 4.80 4.90 5.00 5.10 5.20 5.30 5.40 5.50 5.60 5.70 5.80 5.90 6.00 6.10 6.20 6.30 6.40 6.50 6.60 6.70 6.80 6.90 7.00 7.10 7.20 7.30 7.40 7.50 7.60 7.70 7.80 7.90 8.00 8.10 8.20 8.30 8.40 8.50 8.60 8.70 8.80 8.90 9.00 9.10 9.20 9.30 9.40 9.50 9.60 9.70 9.80 9.90 10.00 10.10 10.20 10.30 10.40 10.50 10.60 10.70 10.80 10.90 11.00 11.10 11.20 11.30 11.40 11.50 11.60 11.70 11.80 11.90 12.00 12.10 12.20 12.30 12.40 12.50 12.60 12.70 12.80 12.90 13.00 13.10 13.20 13.30 13.40 13.50 13.60 13.70 13.80 13.90 14.00 14.10 14.20 14.30 14.40 14.50 14.60 14.70 14.80 14.90 15.00 15.10 15.20 15.30 15.40 15.50 15.60 15.70 15.80 15.90 16.00 16.10 16.20 16.30 16.40 16.50 16.60 16.70 16.80 16.90 17.00 17.10 17.20 17.30 17.40 17.50 17.60 17.70 17.80 17.90 18.00 18.10 18.20 18.30 18.40 18.50 18.60 18.70 18.80 18.90 19.00 19.10 19.20 19.30 19.40 19.50 19.60 19.70 19.80 19.90 20.00 20.10 20.20 20.30 20.40 20.50 20.60 20.70 20.80 20.90 21.00 21.10 21.20 21.30 21.40 21.50 21.60 21.70 21.80 21.90 22.00 22.10 22.20 22.30 22.40 22.50 22.60 22.70 22.80 22.90 23.00 23.10 23.20 23.30 23.40 23.50 23.60 23.70 23.80 23.90 24.00 24.10 24.20 24.30 24.40 24.50 24.60 24.70 24.80 24.90 25.00 25.10 25.20 25.30 25.40 25.50 25.60 25.70 25.80 25.90 26.00 26.10 26.20 26.30 26.40 26.50 26.60 26.70 26.80 26.90 27.00 27.10 27.20 27.30 27.40 27.50 27.60 27.70 27.80 27.90 28.00 28.10 28.20 28.30 28.40 28.50 28.60 28.70 28.80 28.90 29.00 29.10 29.20 29.30 29.40 29.50 29.60 29.70 29.80 29.90 30.00 30.10 30.20 30.30 30.40 30.50 30.60 30.70 30.80 30.90 31.00 31.10 31.20 31.30 31.40 31.50 31.60 31.70 31.80 31.90 32.00 32.10 32.20 32.30 32.40 32.50 32.60 32.70 32.80 32.90 33.00 33.10 33.20 33.30 33.40 33.50 33.60 33.70 33.80 33.90 34.00 34.10 34.20 34.30 34.40 34.50 34.60 34.70 34.80 34.90 35.00 35.10 35.20 35.30 35.40 35.50 35.60 35.70 35.80 35.90 36.00 36.10 36.20 36.30 36.40 36.50 36.60 36.70 36.80 36.90 37.00 37.10 37.20 37.30 37.40 37.50 37.60 37.70 37.80 37.90 38.00 38.10 38.20 38.30 38.40 38.50 38.60 38.70 38.80 38.90 39.00 39.10 39.20 39.30 39.40 39.50 39.60 39.70 39.80 39.90 40.00 40.10 40.20 40.30 40.40 40.50 40.60 40.70 40.80 40.90 41.00 41.10 41.20 41.30 41.40 41.50 41.60 41.70 41.80 41.90 42.00 42.10 42.20 42.30 42.40 42.50 42.60 42.70 42.80 42.90 43.00 43.10 43.20 43.30 43.40 43.50 43.60 43.70 43.80 43.90 44.00 44.10 44.20 44.30 44.40 44.50 44.60 44.70 44.80 44.90 45.00 45.10 45.20 45.30 45.40 45.50 45.60 45.70 45.80 45.90 46.00 46.10 46.20 46.30 46.40 46.50 46.60 46.70 46.80 46.90 47.00 47.10 47.20 47.30 47.40 47.50 47.60 47.70 47.80 47.90 48.00 48.10 48.20 48.30 48.40 48.50 48.60 48.70 48.80 48.90 49.00 49.10 49.20 49.30 49.40 49.50 49.60 49.70 49.80 49.90 50.00 50.10 50.20 50.30 50.40 50.50 50.60 50.70 50.80 50.90 51.00 51.10 51.20 51.30 51.40 51.50 51.60 51.70 51.80 51.90 52.00 52.10 52.20 52.30 52.40 52.50 52.60 52.70 52.80 52.90 53.00 53.10 53.20 53.30 53.40 53.50 53.60 53.70 53.80 53.90 54.00 54.10 54.20 54.30 54.40 54.50 54.60 54.70 54.80 54.90 55.00 55.10 55.20 55.30 55.40 55.50 55.60 55.70 55.80 55.90 56.00 56.10 56.20 56.30 56.40 56.50 56.60 56.70 56.80 56.90 57.00 57.10 57.20 57.30 57.40 57.50 57.60 57.70 57.80 57.90 58.00 58.10 58.20"/>
        <BRSpan values="0.00 0.00 0.00 0.00 0.00 0.00 0.00 0.00 0.00 0.00 0.00 0.00 0.00 0.00 0.00 0.00 0.00 0.00 0.00 0.00 0.00 0.00 0.00 0.00 0.00 0.00 0.00 0.00 0.00 0.00 0.00 0.00 0.00 0.00 0.00 0.00 0.00 0.00 0.00 0.00 0.00 0.00 0.00 0.00 0.00 0.00 0.00 0.00 0.00 0.00 0.00 0.00 0.00 0.00 0.00 0.00 0.00 0.00 0.00 0.00 0.00 0.00 0.00 0.00 0.00 0.00 0.35 0.00 0.00 0.00 0.41 0.00 0.02 0.00 0.39 0.05 0.01 0.00 0.00 0.40 0.00 0.09 0.00 0.00 0.00 0.01 0.34 0.00 0.00 0.00 0.00 0.08 0.33 0.00 0.00 0.16 0.00 0.26 0.00 0.24 0.00 0.12 0.03 0.07 0.15 0.09 0.00 0.00 0.14 0.23 0.00 0.33 0.00 0.00 0.20 0.08 0.00 0.29 0.18 0.00 0.00 0.00 0.00 0.27 0.00 0.00 0.52 0.00 0.00 0.37 0.07 0.08 0.00 0.00 0.20 0.29 0.00 0.11 0.00 0.00 0.08 0.00 0.00 1.75 2.90 2.87 3.00 3.00 2.95 3.00 3.00 3.00 3.00 3.00 2.90 3.00 3.00 3.00 2.95 3.00 3.00 3.00 3.00 2.14 0.06 0.00 0.00 0.00 0.00 0.00 0.00 0.00 0.00 0.00 0.00 0.00 0.00 0.00 0.00 0.00 0.00 0.00 0.00 0.00 0.00 0.00 0.00 0.00 0.00 0.00 0.00 0.00 0.00 0.00 0.00 0.00 0.00 0.00 0.00 0.00 0.00 0.00 0.00 0.00 0.00 0.00 0.00 0.00 0.00 0.00 0.00 0.00 0.00 0.00 0.00 0.00 0.00 0.00 0.00 0.00 0.00 0.00 0.00 0.00 0.00 0.00 0.00 0.00 0.00 0.00 0.00 0.00 0.00 0.00 0.00 0.00 0.00 0.00 0.00 0.00 0.00 0.00 0.00 0.00 0.00 0.00 0.00 0.00 0.00 0.00 0.00 0.00 0.00 0.00 0.00 0.00 0.00 0.00 0.00 0.00 0.00 0.00 0.00 0.00 0.00 0.00 0.00 0.00 0.00 0.00 0.00 0.00 0.00 0.00 0.00 0.00 0.00 0.00 0.00 0.00 0.00 0.31 0.01 0.47 0.10 0.44 0.05 0.27 0.07 0.10 0.29 0.09 0.12 0.04 0.00 0.00 0.00 0.00 0.00 0.00 0.00 0.00 0.00 0.00 0.00 0.00 0.00 0.00 0.00 0.00 0.00 0.00 0.00 0.00 0.00 0.00 0.00 0.00 0.00 0.00 0.00 0.00 0.00 0.00 0.00 0.00 0.00 0.00 0.00 0.00 0.00 0.00 0.00 0.00 0.00 0.00 0.00 0.00 0.00 0.00 0.00 0.00 0.00 0.00 0.00 0.00 0.00 0.00 0.00 0.00 0.00 0.00 0.48 0.00 0.45 0.00 0.35 0.00 0.20 0.00 0.00 0.11 0.00 0.00 0.00 0.40 0.00 0.17 0.39 0.00 0.00 0.00 0.14 0.00 0.16 0.06 0.13 0.00 0.32 0.00 0.00 0.00 0.12 0.00 0.43 0.00 0.04 0.35 0.00 0.07 0.00 0.00 0.12 0.31 0.00 0.20 0.17 0.00 0.10 0.07 0.00 0.24 0.15 0.00 0.17 0.00 0.19 0.17 0.00 0.00 0.00 0.21 0.00 0.00 0.31 0.00 0.00 0.19 0.00 0.40 0.15 0.00 0.00 0.02 0.18 0.26 0.00 0.20 0.00 0.29 0.00 0.18 0.15 0.00 0.00 0.00 0.48 0.00 0.30 0.09 0.00 0.00 0.00 0.05 0.05 0.00 0.00 0.08 0.20 0.00 0.29 0.00 0.00 0.45 0.00 0.32 0.11 0.00 0.00 0.50 0.00 0.21 0.00 0.25 0.03 0.22 0.00 0.00 0.13 0.00 0.36 0.00 0.44 0.00 0.00 0.19 0.12 0.23 0.00 0.41 0.00 0.00 0.46 0.00 0.50 0.00 0.00 0.07 0.19 0.03 0.00 0.13 0.17 0.00 0.20 0.26 0.00 0.05 0.00 0.08 0.01 0.24 0.00 0.00 0.41 0.03 0.00 0.38 0.00 0.54 0.03 0.00 0.00 0.00 0.34 0.00 0.40 0.00 0.00 0.39 0.00 0.24 0.00 0.18 0.05 0.00 0.00 0.33 0.15 0.00 0.04 0.00 0.05 0.13 0.02 0.00 0.48 0.00 0.00 0.00 0.30 0.00 0.00 0.00 0.24 0.00 0.00 0.25 0.00 0.00 0.46 0.00 0.00 0.44 0.00 0.00 0.00 0.34 0.00 0.29 0.00 0.00 0.16 0.17 0.00 0.02 0.43 0.00 0.24 0.00 0.40 0.12 0.00"/>
        <maxBR time="16.70" position="748.93,1482.73" value="3.00"/>
        <SGAPSpan values="NA NA NA NA NA NA NA NA NA NA NA NA NA NA NA NA NA NA NA NA NA NA NA NA NA NA NA NA NA NA NA NA NA NA NA NA NA NA NA NA NA NA NA NA NA NA NA NA NA NA NA NA NA NA NA NA NA NA NA NA NA NA NA NA NA NA NA NA NA NA NA NA NA NA NA NA NA NA NA NA NA NA NA NA NA NA NA NA NA NA NA NA NA NA NA NA NA NA NA NA NA NA NA NA NA NA NA NA NA NA NA NA NA NA NA NA NA NA NA NA NA NA NA NA NA NA NA NA NA NA NA NA NA NA NA NA NA NA NA NA NA NA NA NA NA NA NA NA NA NA NA NA NA NA NA NA NA NA NA NA NA NA NA NA NA NA NA NA NA NA NA NA NA NA NA NA NA NA NA NA NA NA NA NA NA NA NA NA NA NA NA NA NA NA NA NA NA NA NA NA NA NA NA NA NA NA NA NA NA NA NA NA NA NA NA NA NA NA NA NA NA NA NA NA NA NA NA NA NA NA NA NA NA NA NA NA NA NA NA NA NA NA NA NA NA NA NA NA NA NA NA NA NA NA NA NA NA NA NA NA NA NA NA NA NA NA NA NA NA NA NA NA NA NA NA NA NA NA NA NA NA NA NA NA NA NA NA NA NA NA NA NA NA NA NA NA NA NA NA NA NA NA NA NA NA NA NA NA 0.83 1.41 NA NA NA NA NA NA NA NA NA NA NA NA NA NA NA NA 1.06 1.85 2.66 NA NA NA NA NA NA NA NA NA NA NA NA NA NA NA NA NA NA NA NA NA NA NA NA NA NA NA NA NA NA NA NA NA NA NA NA NA NA NA NA NA NA NA NA NA NA NA NA NA NA NA NA NA NA NA NA NA NA NA NA NA NA NA NA NA NA NA NA NA NA NA NA NA NA NA NA NA NA NA NA NA NA NA NA NA NA NA NA NA NA NA NA NA NA NA NA NA NA NA NA NA NA NA NA NA NA NA NA NA NA NA NA NA NA NA NA NA NA NA NA NA NA NA NA NA NA NA NA NA NA NA NA NA NA NA NA NA NA NA NA NA NA NA NA NA NA NA NA NA NA NA NA NA NA NA NA NA NA NA NA NA NA NA NA NA NA NA NA NA NA NA NA NA NA NA NA NA NA NA NA NA NA NA NA NA NA NA NA NA NA NA NA NA NA NA NA NA NA NA NA NA NA NA NA NA NA NA NA NA NA NA NA NA NA NA NA NA NA NA NA NA NA NA NA NA NA NA NA NA NA NA NA NA NA NA NA NA NA NA NA NA NA NA NA"/>
        <minSGAP time="31.80" position="750.05,1486.88" value="0.83" leader="flow_5.0"/>
        <TGAPSpan values="NA NA NA NA NA NA NA NA NA NA NA NA NA NA NA NA NA NA NA NA NA NA NA NA NA NA NA NA NA NA NA NA NA NA NA NA NA NA NA NA NA NA NA NA NA NA NA NA NA NA NA NA NA NA NA NA NA NA NA NA NA NA NA NA NA NA NA NA NA NA NA NA NA NA NA NA NA NA NA NA NA NA NA NA NA NA NA NA NA NA NA NA NA NA NA NA NA NA NA NA NA NA NA NA NA NA NA NA NA NA NA NA NA NA NA NA NA NA NA NA NA NA NA NA NA NA NA NA NA NA NA NA NA NA NA NA NA NA NA NA NA NA NA NA NA NA NA NA NA NA NA NA NA NA NA NA NA NA NA NA NA NA NA NA NA NA NA NA NA NA NA NA NA NA NA NA NA NA NA NA NA NA NA NA NA NA NA NA NA NA NA NA NA NA NA NA NA NA NA NA NA NA NA NA NA NA NA NA NA NA NA NA NA NA NA NA NA NA NA NA NA NA NA NA NA NA NA NA NA NA NA NA NA NA NA NA NA NA NA NA NA NA NA NA NA NA NA NA NA NA NA NA NA NA NA NA NA NA NA NA NA NA NA NA NA NA NA NA NA NA NA NA NA NA NA NA NA NA NA NA NA NA NA NA NA NA NA NA NA NA NA NA NA NA NA NA NA NA NA NA NA NA NA NA NA NA NA NA 0.44 0.72 NA NA NA NA NA NA NA NA NA NA NA NA NA NA NA NA 0.31 0.52 0.72 NA NA NA NA NA NA NA NA NA NA NA NA NA NA NA NA NA NA NA NA NA NA NA NA NA NA NA NA NA NA NA NA NA NA NA NA NA NA NA NA NA NA NA NA NA NA NA NA NA NA NA NA NA NA NA NA NA NA NA NA NA NA NA NA NA NA NA NA NA NA NA NA NA NA NA NA NA NA NA NA NA NA NA NA NA NA NA NA NA NA NA NA NA NA NA NA NA NA NA NA NA NA NA NA NA NA NA NA NA NA NA NA NA NA NA NA NA NA NA NA NA NA NA NA NA NA NA NA NA NA NA NA NA NA NA NA NA NA NA NA NA NA NA NA NA NA NA NA NA NA NA NA NA NA NA NA NA NA NA NA NA NA NA NA NA NA NA NA NA NA NA NA NA NA NA NA NA NA NA NA NA NA NA NA NA NA NA NA NA NA NA NA NA NA NA NA NA NA NA NA NA NA NA NA NA NA NA NA NA NA NA NA NA NA NA NA NA NA NA NA NA NA NA NA NA NA NA NA NA NA NA NA NA NA NA NA NA NA NA NA NA NA NA NA"/>
        <minTGAP time="33.60" position="750.66,1491.64" value="0.31" leader="flow_0.1"/>
    </globalMeasures>
    <conflict begin="19.80" end="58.20" ego="flow_16.1" foe="flow_16.0">
        <minTTC time="27.90" position="748.37,1481.24" type="2" value="1.63" speed="3.77"/>
        <maxDRAC time="27.00" position="748.37,1481.24" type="2" value="1.45" speed="5.43"/>
        <PET time="NA" position="NA" type="NA" value="NA" speed="NA"/>
        <minPPET time="NA" position="NA" type="NA" value="NA" speed="NA"/>
        <maxMDRAC time="27.10" position="748.37,1481.24" type="2" value="3.16" speed="5.27"/>
    </conflict>
    <conflict begin="35.70" end="61.30" ego="flow_16.2" foe="flow_15.1">
        <minTTC time="50.40" position="748.37,1481.24" type="2" value="2.59" speed="3.40"/>
        <maxDRAC time="49.00" position="748.37,1481.24" type="2" value="0.97" speed="5.35"/>
        <PET time="NA" position="NA" type="NA" value="NA" speed="NA"/>
        <minPPET time="NA" position="NA" type="NA" value="NA" speed="NA"/>
        <maxMDRAC time="49.00" position="748.37,1481.24" type="2" value="1.52" speed="5.35"/>
    </conflict>
    <globalMeasures ego="flow_16.1">
        <timeSpan values="13.10 13.20 13.30 13.40 13.50 13.60 13.70 13.80 13.90 14.00 14.10 14.20 14.30 14.40 14.50 14.60 14.70 14.80 14.90 15.00 15.10 15.20 15.30 15.40 15.50 15.60 15.70 15.80 15.90 16.00 16.10 16.20 16.30 16.40 16.50 16.60 16.70 16.80 16.90 17.00 17.10 17.20 17.30 17.40 17.50 17.60 17.70 17.80 17.90 18.00 18.10 18.20 18.30 18.40 18.50 18.60 18.70 18.80 18.90 19.00 19.10 19.20 19.30 19.40 19.50 19.60 19.70 19.80 19.90 20.00 20.10 20.20 20.30 20.40 20.50 20.60 20.70 20.80 20.90 21.00 21.10 21.20 21.30 21.40 21.50 21.60 21.70 21.80 21.90 22.00 22.10 22.20 22.30 22.40 22.50 22.60 22.70 22.80 22.90 23.00 23.10 23.20 23.30 23.40 23.50 23.60 23.70 23.80 23.90 24.00 24.10 24.20 24.30 24.40 24.50 24.60 24.70 24.80 24.90 25.00 25.10 25.20 25.30 25.40 25.50 25.60 25.70 25.80 25.90 26.00 26.10 26.20 26.30 26.40 26.50 26.60 26.70 26.80 26.90 27.00 27.10 27.20 27.30 27.40 27.50 27.60 27.70 27.80 27.90 28.00 28.10 28.20 28.30 28.40 28.50 28.60 28.70 28.80 28.90 29.00 29.10 29.20 29.30 29.40 29.50 29.60 29.70 29.80 29.90 30.00 30.10 30.20 30.30 30.40 30.50 30.60 30.70 30.80 30.90 31.00 31.10 31.20 31.30 31.40 31.50 31.60 31.70 31.80 31.90 32.00 32.10 32.20 32.30 32.40 32.50 32.60 32.70 32.80 32.90 33.00 33.10 33.20 33.30 33.40 33.50 33.60 33.70 33.80 33.90 34.00 34.10 34.20 34.30 34.40 34.50 34.60 34.70 34.80 34.90 35.00 35.10 35.20 35.30 35.40 35.50 35.60 35.70 35.80 35.90 36.00 36.10 36.20 36.30 36.40 36.50 36.60 36.70 36.80 36.90 37.00 37.10 37.20 37.30 37.40 37.50 37.60 37.70 37.80 37.90 38.00 38.10 38.20 38.30 38.40 38.50 38.60 38.70 38.80 38.90 39.00 39.10 39.20 39.30 39.40 39.50 39.60 39.70 39.80 39.90 40.00 40.10 40.20 40.30 40.40 40.50 40.60 40.70 40.80 40.90 41.00 41.10 41.20 41.30 41.40 41.50 41.60 41.70 41.80 41.90 42.00 42.10 42.20 42.30 42.40 42.50 42.60 42.70 42.80 42.90 43.00 43.10 43.20 43.30 43.40 43.50 43.60 43.70 43.80 43.90 44.00 44.10 44.20 44.30 44.40 44.50 44.60 44.70 44.80 44.90 45.00 45.10 45.20 45.30 45.40 45.50 45.60 45.70 45.80 45.90 46.00 46.10 46.20 46.30 46.40 46.50 46.60 46.70 46.80 46.90 47.00 47.10 47.20 47.30 47.40 47.50 47.60 47.70 47.80 47.90 48.00 48.10 48.20 48.30 48.40 48.50 48.60 48.70 48.80 48.90 49.00 49.10 49.20 49.30 49.40 49.50 49.60 49.70 49.80 49.90 50.00 50.10 50.20 50.30 50.40 50.50 50.60 50.70 50.80 50.90 51.00 51.10 51.20 51.30 51.40 51.50 51.60 51.70 51.80 51.90 52.00 52.10 52.20 52.30 52.40 52.50 52.60 52.70 52.80 52.90 53.00 53.10 53.20 53.30 53.40 53.50 53.60 53.70 53.80 53.90 54.00 54.10 54.20 54.30 54.40 54.50 54.60 54.70 54.80 54.90 55.00 55.10 55.20 55.30 55.40 55.50 55.60 55.70 55.80 55.90 56.00 56.10 56.20 56.30 56.40 56.50 56.60 56.70 56.80 56.90 57.00 57.10 57.20 57.30 57.40 57.50 57.60 57.70 57.80 57.90 58.00 58.10 58.20 58.30 58.40 58.50 58.60 58.70 58.80 58.90 59.00 59.10 59.20 59.30 59.40 59.50 59.60 59.70 59.80 59.90 60.00 60.10 60.20 60.30 60.40 60.50 60.60 60.70 60.80 60.90 61.00 61.10 61.20 61.30 61.40 61.50 61.60 61.70"/>
        <BRSpan values="0.00 0.00 0.00 0.00 0.00 0.00 0.00 0.00 0.00 0.00 0.00 0.00 0.00 0.00 0.00 0.00 0.00 0.00 0.00 0.00 0.00 0.00 0.00 0.00 0.00 0.00 0.00 0.00 0.00 0.00 0.00 0.00 0.00 0.00 0.00 0.00 0.00 0.00 0.00 0.00 0.00 0.00 0.00 0.00 0.00 0.00 0.00 0.00 0.00 0.00 0.00 0.00 0.00 0.00 0.00 0.00 0.00 0.00 0.00 0.00 0.00 0.00 0.40 0.00 0.26 0.23 0.00 0.00 0.34 0.00 0.40 0.00 0.00 0.02 0.00 0.00 0.42 0.00 0.03 0.25 0.00 0.00 0.11 0.00 0.00 0.00 0.46 0.00 0.00 0.07 0.00 0.00 0.18 0.01 0.09 0.00 0.28 0.00 0.00 0.00 0.37 0.00 0.00 0.00 0.00 0.18 0.00 0.00 0.20 0.00 0.00 0.29 0.00 0.00 0.00 0.00 0.52 0.00 0.09 0.00 0.07 0.25 0.00 0.29 0.00 0.38 0.00 0.01 0.07 0.04 0.00 0.31 0.00 0.20 0.12 0.00 0.10 0.00 0.41 0.15 1.61 2.32 1.81 1.65 2.21 1.92 1.72 1.59 1.85 1.62 1.55 1.70 1.26 1.29 1.65 0.67 1.41 0.50 1.23 0.60 0.26 0.84 0.74 0.96 0.65 1.01 0.27 1.14 0.53 0.61 0.43 0.73 0.58 0.33 0.41 0.36 0.19 0.25 0.00 0.00 0.00 0.00 0.00 0.00 0.00 0.00 0.00 0.00 0.00 0.00 0.00 0.00 0.00 0.00 0.00 0.00 0.00 0.00 0.00 0.00 0.00 0.00 0.00 0.00 0.00 0.00 0.00 0.00 0.00 0.00 0.00 0.00 0.00 0.00 0.00 0.00 0.00 0.00 0.00 0.00 0.00 0.00 0.00 0.00 0.00 0.00 0.00 0.00 0.00 0.00 0.00 0.00 0.74 0.00 0.00 0.58 0.00 0.00 0.23 0.17 0.00 0.00 0.06 0.00 0.00 0.22 0.24 0.00 0.14 0.00 0.23 0.00 0.24 0.29 0.00 0.00 0.26 0.00 0.01 0.24 0.13 0.00 0.00 0.10 0.22 0.00 0.00 0.00 0.00 0.03 0.00 0.00 0.39 0.00 0.00 0.29 0.05 0.00 0.18 0.01 0.21 0.00 0.00 0.25 0.00 0.22 0.00 0.13 0.00 0.28 0.00 0.37 0.04 0.02 0.15 0.00 0.00 0.35 0.00 0.01 0.00 0.00 0.11 0.00 0.00 0.01 0.51 0.00 0.27 0.00 0.00 0.01 0.07 0.00 0.08 0.00 0.00 0.00 0.31 0.00 0.52 0.05 0.00 0.00 0.22 0.00 0.00 0.10 0.37 0.00 0.00 0.06 0.12 0.26 0.00 0.05 0.00 0.08 0.39 0.00 0.28 0.00 0.25 0.00 0.36 0.08 0.02 0.00 0.00 0.00 0.17 0.20 0.06 0.00 0.00 0.10 0.00 0.56 0.00 0.06 0.08 0.00 0.15 0.06 0.00 0.21 0.32 0.00 0.00 0.00 0.00 0.00 0.02 0.00 0.13 0.00 0.28 0.00 0.40 0.00 0.00 0.43 0.00 0.00 0.30 0.12 0.00 0.05 0.00 0.34 0.00 0.19 0.08 0.00 0.11 0.29 0.00 0.07 0.33 0.00 0.04 0.00 0.00 0.17 0.22 0.00 0.23 0.03 0.01 0.00 0.00 0.23 0.05 0.02 0.00 0.00 0.21 0.05 0.02 0.03 0.00 0.25 0.00 0.37 0.00 0.00 0.26 0.00 0.19 0.18 0.00 0.48 0.00 0.09 0.35 0.09 0.00 0.14 0.21 0.10 0.00 0.06 0.16 0.00 0.06 0.26 0.00 0.00 0.00 0.36 0.00 0.15 0.30 0.00 0.00 0.13 0.21 0.00 0.00 0.12 0.25 0.00 0.15 0.29 0.00 0.13 0.00 0.09 0.24 0.11 0.00 0.00 0.23 0.00 0.00 0.19 0.36 0.00 0.29 0.16 0.02 0.00 0.06 0.00 0.10 0.26 0.00"/>
        <maxBR time="27.20" position="745.06,1472.69" value="2.32"/>
        <SGAPSpan values="52.16 52.76 53.33 53.90 54.46 55.01 55.55 56.07 56.59 57.10 57.59 58.09 58.57 59.05 59.51 59.96 60.40 60.83 61.26 61.67 62.08 62.48 62.86 63.19 63.49 63.75 63.97 64.15 64.29 64.40 64.46 64.49 64.48 64.43 64.33 64.20 64.03 63.81 63.56 63.27 62.94 62.56 62.16 61.75 61.33 60.91 60.47 60.02 59.57 59.11 58.63 58.15 57.66 57.17 56.66 56.15 55.62 55.09 54.55 54.01 53.46 52.91 52.37 51.82 51.27 50.72 50.17 49.62 49.08 48.53 47.98 47.44 46.89 46.34 45.79 45.24 44.70 44.15 43.60 43.06 42.51 41.96 41.41 40.86 40.31 39.76 39.22 38.67 38.12 37.57 37.02 36.48 35.93 35.38 34.84 34.29 33.74 33.20 32.65 32.10 31.56 31.01 30.46 29.92 29.37 28.82 28.27 27.72 27.17 26.62 26.08 25.53 24.98 24.43 23.88 23.33 22.79 22.24 21.69 21.14 20.59 20.05 19.50 18.95 18.40 17.86 17.31 16.76 16.22 15.67 15.12 14.57 14.02 13.48 12.93 12.38 11.83 11.28 10.74 10.20 9.67 9.17 8.68 8.21 7.76 7.33 6.92 6.53 6.15 5.80 5.48 5.19 4.92 4.67 4.45 4.24 4.06 3.89 3.75 3.61 3.48 3.35 NA NA NA NA NA NA NA NA NA NA NA NA NA NA NA NA NA NA NA NA NA NA NA NA NA NA NA 2.15 2.19 2.23 2.27 2.32 2.36 2.41 2.46 2.51 2.57 2.62 2.68 2.73 2.80 2.86 2.92 2.98 3.05 3.11 3.18 3.25 3.33 3.41 3.49 3.57 3.65 3.74 3.83 3.91 4.00 4.08 4.17 4.25 4.33 4.41 4.48 4.56 4.63 4.70 4.77 4.84 4.90 4.95 5.02 5.07 5.13 5.19 5.24 5.29 5.35 5.41 5.46 5.52 5.57 5.63 5.68 5.74 5.80 5.85 5.91 5.96 6.02 6.08 6.13 6.19 6.25 6.30 6.36 6.41 6.46 6.51 6.57 6.62 6.68 6.74 6.80 6.85 6.91 6.96 7.02 7.07 7.13 7.18 7.24 7.29 7.35 7.40 7.46 7.51 7.57 7.63 7.69 7.74 7.80 7.85 7.91 7.97 8.02 8.08 8.13 8.19 8.24 8.30 8.36 8.41 8.47 8.53 NA NA NA NA NA NA NA NA NA NA NA NA NA NA NA 9.41 9.47 9.53 9.59 9.64 9.70 9.75 9.81 9.86 9.92 9.98 10.03 10.09 10.15 10.20 10.26 10.31 10.37 10.42 10.48 10.53 10.58 10.64 10.70 10.75 10.80 10.86 10.91 10.97 11.03 11.08 11.14 11.19 11.25 11.31 11.37 11.43 11.48 11.54 11.59 11.65 11.71 11.77 11.82 11.88 11.93 11.99 12.04 12.10 12.15 12.20 12.26 12.31 12.37 12.42 12.48 12.53 NA NA NA NA NA NA NA NA NA NA NA NA NA NA NA NA NA NA NA NA NA 13.72 13.77 13.83 13.88 13.93 13.99 14.05 14.10 14.16 14.21 14.27 14.32 14.38 14.43 14.49 14.54 14.60 14.65 14.71 14.77 14.83 14.88 14.94 15.00 15.06 15.11 15.17 15.22 15.28 15.34 15.39 15.45 15.50 15.56 15.61 15.67 15.72 15.78 15.83 15.89 15.94 16.00 16.06 16.11 16.16 16.21 16.27 16.32 16.38 16.44 16.49 16.55 16.61 16.66 16.72 16.77 16.82 16.88 16.93 16.98 17.04 17.09 17.14 NA NA NA NA NA NA NA NA NA NA NA NA NA NA NA NA NA NA NA NA NA NA NA NA NA NA NA NA NA NA NA NA NA NA NA"/>
        <minSGAP time="32.00" position="749.12,1483.25" value="2.15" leader="flow_16.0"/>
        <TGAPSpan values="NA 442.20 234.20 156.17 119.75 98.75 82.78 72.30 65.05 60.35 56.08 52.11 48.88 45.22 42.60 39.54 37.48 35.77 34.11 32.88 31.75 30.64 29.32 28.12 27.31 26.29 25.64 24.77 24.19 23.26 22.74 22.18 21.31 20.49 19.84 19.12 18.48 18.02 17.41 17.00 16.39 15.84 15.46 15.00 14.64 14.31 13.83 13.43 13.08 12.80 12.38 12.07 11.82 11.50 11.25 10.94 10.62 10.35 10.10 9.91 9.76 9.64 9.61 9.41 9.36 9.29 9.17 9.02 8.98 8.84 8.81 8.68 8.56 8.46 8.33 8.23 8.19 8.05 7.96 7.90 7.75 7.65 7.56 7.46 7.33 7.22 7.18 7.05 6.95 6.86 6.75 6.65 6.57 6.47 6.38 6.26 6.19 6.08 5.97 5.84 5.78 5.69 5.57 5.47 5.34 5.26 5.15 5.04 4.96 4.85 4.75 4.68 4.58 4.44 4.34 4.24 4.18 4.06 3.97 3.84 3.75 3.66 3.55 3.47 3.35 3.27 3.17 3.07 2.97 2.87 2.75 2.67 2.55 2.46 2.37 2.26 2.16 2.06 1.97 1.88 1.83 1.82 1.79 1.75 1.73 1.71 1.68 1.65 1.63 1.61 1.59 1.58 1.56 1.54 1.55 1.52 1.53 1.50 1.51 1.49 1.45 1.45 NA NA NA NA NA NA NA NA NA NA NA NA NA NA NA NA NA NA NA NA NA NA NA NA NA NA NA 1.25 1.23 1.19 1.19 1.20 1.18 1.14 1.14 1.11 1.12 1.11 1.11 1.10 1.10 1.07 1.05 1.05 1.03 1.03 1.01 1.01 1.00 1.00 0.99 0.99 0.98 0.99 0.99 0.98 0.98 0.98 0.97 0.96 0.95 0.94 0.94 0.93 0.92 0.91 0.91 0.91 0.91 0.91 0.93 0.93 0.93 0.95 0.96 0.96 0.98 0.99 1.00 1.01 1.02 1.03 1.03 1.05 1.06 1.07 1.08 1.08 1.10 1.10 1.12 1.14 1.14 1.15 1.16 1.16 1.17 1.19 1.20 1.21 1.22 1.23 1.25 1.25 1.26 1.27 1.28 1.29 1.30 1.31 1.32 1.33 1.34 1.35 1.36 1.37 1.38 1.39 1.41 1.41 1.42 1.44 1.45 1.46 1.46 1.47 1.48 1.50 1.50 1.52 1.53 1.54 1.56 1.55 NA NA NA NA NA NA NA NA NA NA NA NA NA NA NA 1.72 1.73 1.74 1.75 1.76 1.77 1.78 1.80 1.79 1.82 1.83 1.83 1.84 1.86 1.86 1.86 1.88 1.90 1.91 1.90 1.92 1.93 1.95 1.95 1.97 1.96 1.98 2.00 2.00 2.02 2.02 2.04 2.04 2.06 2.07 2.09 2.09 2.09 2.10 2.12 2.13 2.15 2.15 2.16 2.18 2.17 2.20 2.20 2.21 2.22 2.22 2.24 2.25 2.25 2.27 2.29 2.30 NA NA NA NA NA NA NA NA NA NA NA NA NA NA NA NA NA NA NA NA NA 2.51 2.50 2.52 2.54 2.54 2.55 2.58 2.57 2.58 2.61 2.60 2.62 2.62 2.63 2.64 2.66 2.66 2.68 2.69 2.70 2.71 2.71 2.73 2.75 2.76 2.76 2.77 2.79 2.80 2.81 2.82 2.82 2.84 2.83 2.86 2.86 2.86 2.88 2.88 2.90 2.92 2.91 2.95 2.92 2.94 2.97 2.98 2.97 2.99 3.01 3.03 3.01 3.03 3.05 3.04 3.05 3.08 3.07 3.08 3.09 3.12 3.11 3.13 NA NA NA NA NA NA NA NA NA NA NA NA NA NA NA NA NA NA NA NA NA NA NA NA NA NA NA NA NA NA NA NA NA NA NA"/>
        <minTGAP time="36.20" position="748.91,1497.16" value="0.91" leader="flow_16.0"/>
    </globalMeasures>
    <conflict begin="35.70" end="63.20" ego="flow_16.2" foe="flow_15.2">
        <minTTC time="52.30" position="747.44,1478.76" type="2" value="1.68" speed="1.32"/>
        <maxDRAC time="50.60" position="747.20,1478.12" type="2" value="0.57" speed="3.15"/>
        <PET time="NA" position="NA" type="NA" value="NA" speed="NA"/>
        <minPPET time="NA" position="NA" type="NA" value="NA" speed="NA"/>
        <maxMDRAC time="51.40" position="747.36,1478.54" type="2" value="1.14" speed="2.19"/>
    </conflict>
    <globalMeasures ego="flow_15.0">
        <timeSpan values="21.50 21.60 21.70 21.80 21.90 22.00 22.10 22.20 22.30 22.40 22.50 22.60 22.70 22.80 22.90 23.00 23.10 23.20 23.30 23.40 23.50 23.60 23.70 23.80 23.90 24.00 24.10 24.20 24.30 24.40 24.50 24.60 24.70 24.80 24.90 25.00 25.10 25.20 25.30 25.40 25.50 25.60 25.70 25.80 25.90 26.00 26.10 26.20 26.30 26.40 26.50 26.60 26.70 26.80 26.90 27.00 27.10 27.20 27.30 27.40 27.50 27.60 27.70 27.80 27.90 28.00 28.10 28.20 28.30 28.40 28.50 28.60 28.70 28.80 28.90 29.00 29.10 29.20 29.30 29.40 29.50 29.60 29.70 29.80 29.90 30.00 30.10 30.20 30.30 30.40 30.50 30.60 30.70 30.80 30.90 31.00 31.10 31.20 31.30 31.40 31.50 31.60 31.70 31.80 31.90 32.00 32.10 32.20 32.30 32.40 32.50 32.60 32.70 32.80 32.90 33.00 33.10 33.20 33.30 33.40 33.50 33.60 33.70 33.80 33.90 34.00 34.10 34.20 34.30 34.40 34.50 34.60 34.70 34.80 34.90 35.00 35.10 35.20 35.30 35.40 35.50 35.60 35.70 35.80 35.90 36.00 36.10 36.20 36.30 36.40 36.50 36.60 36.70 36.80 36.90 37.00 37.10 37.20 37.30 37.40 37.50 37.60 37.70 37.80 37.90 38.00 38.10 38.20 38.30 38.40 38.50 38.60 38.70 38.80 38.90 39.00 39.10 39.20 39.30 39.40 39.50 39.60 39.70 39.80 39.90 40.00 40.10 40.20 40.30 40.40 40.50 40.60 40.70 40.80 40.90 41.00 41.10 41.20 41.30 41.40 41.50 41.60 41.70 41.80 41.90 42.00 42.10 42.20 42.30 42.40 42.50 42.60 42.70 42.80 42.90 43.00 43.10 43.20 43.30 43.40 43.50 43.60 43.70 43.80 43.90 44.00 44.10 44.20 44.30 44.40 44.50 44.60 44.70 44.80 44.90 45.00 45.10 45.20 45.30 45.40 45.50 45.60 45.70 45.80 45.90 46.00 46.10 46.20 46.30 46.40 46.50 46.60 46.70 46.80 46.90 47.00 47.10 47.20 47.30 47.40 47.50 47.60 47.70 47.80 47.90 48.00 48.10 48.20 48.30 48.40 48.50 48.60 48.70 48.80 48.90 49.00 49.10 49.20 49.30 49.40 49.50 49.60 49.70 49.80 49.90 50.00 50.10 50.20 50.30 50.40 50.50 50.60 50.70 50.80 50.90 51.00 51.10 51.20 51.30 51.40 51.50 51.60 51.70 51.80 51.90 52.00 52.10 52.20 52.30 52.40 52.50 52.60 52.70 52.80 52.90 53.00 53.10 53.20 53.30 53.40 53.50 53.60 53.70 53.80 53.90 54.00 54.10 54.20 54.30 54.40 54.50 54.60 54.70 54.80 54.90 55.00 55.10 55.20 55.30 55.40 55.50 55.60 55.70 55.80 55.90 56.00 56.10 56.20 56.30 56.40 56.50 56.60 56.70 56.80 56.90 57.00 57.10 57.20 57.30 57.40 57.50 57.60 57.70 57.80 57.90 58.00 58.10 58.20 58.30 58.40 58.50 58.60 58.70 58.80 58.90 59.00 59.10 59.20 59.30 59.40 59.50 59.60 59.70 59.80 59.90 60.00 60.10 60.20 60.30 60.40 60.50 60.60 60.70 60.80 60.90 61.00 61.10 61.20 61.30 61.40 61.50 61.60 61.70 61.80 61.90 62.00 62.10 62.20 62.30 62.40 62.50 62.60 62.70 62.80 62.90 63.00 63.10 63.20 63.30 63.40 63.50 63.60 63.70 63.80 63.90 64.00 64.10 64.20 64.30 64.40 64.50 64.60 64.70 64.80 64.90 65.00 65.10 65.20 65.30 65.40 65.50"/>
        <BRSpan values="0.00 0.00 0.00 0.00 0.00 0.00 0.00 0.00 0.00 0.00 0.00 0.00 0.00 0.00 0.00 0.00 0.00 0.00 0.00 0.00 0.00 0.00 0.00 0.00 0.00 0.00 0.00 0.00 0.00 0.00 0.00 0.00 0.00 0.00 0.00 0.00 0.00 0.00 0.00 0.00 0.00 0.00 0.00 0.00 0.00 0.00 0.00 0.00 0.00 0.00 0.00 0.00 0.00 0.00 0.00 0.00 0.12 0.02 0.00 0.32 0.00 0.01 0.00 0.01 0.00 0.50 0.00 0.05 0.05 0.27 0.00 0.07 0.30 0.01 0.00 0.29 0.00 0.22 0.00 0.36 0.08 0.00 0.01 0.00 0.00 0.01 0.09 0.43 0.00 0.00 0.22 0.00 0.36 0.00 0.00 0.11 0.17 0.00 0.00 0.36 0.00 0.00 0.22 0.00 0.12 0.19 0.00 0.11 0.00 0.04 0.00 0.33 0.08 0.00 0.11 0.00 0.11 0.00 0.00 0.38 0.08 0.00 0.31 0.00 0.49 0.00 0.36 0.00 0.00 0.55 0.00 0.17 0.00 0.02 0.00 0.40 0.11 0.00 0.49 0.00 0.00 0.04 0.39 0.00 0.00 0.14 0.16 0.00 0.00 0.29 0.00 0.20 0.00 0.46 0.00 0.08 0.17 0.00 0.00 0.10 0.13 0.00 0.30 0.12 0.00 0.38 0.01 0.00 0.00 0.25 0.00 0.19 0.00 0.30 0.00 0.00 0.19 0.17 0.00 0.00 0.07 0.00 0.10 0.30 0.00 0.05 0.00 0.40 0.00 0.00 0.15 0.05 0.00 0.31 0.00 0.13 0.00 0.00 0.00 0.00 0.24 0.06 0.00 0.29 0.00 0.15 0.00 0.09 0.29 0.00 0.41 0.00 0.00 0.07 0.00 0.49 0.00 0.00 0.45 0.06 0.00 0.22 0.00 0.00 0.00 0.02 0.06 0.10 0.00 0.00 0.44 0.00 0.14 0.15 0.00 0.30 0.15 0.00 0.08 0.00 0.17 0.25 0.00 0.00 0.43 0.00 0.26 0.00 0.01 0.03 0.10 0.21 0.00 0.00 0.24 0.26 0.00 0.00 0.19 0.00 0.08 0.00 0.00 0.39 0.00 0.36 0.00 0.28 0.00 0.06 0.00 0.36 0.00 0.00 0.03 0.00 0.10 0.01 0.00 0.14 0.00 0.21 0.07 0.00 0.08 0.25 0.00 0.12 0.00 0.37 0.00 0.00 0.49 0.00 0.00 0.00 0.38 0.00 0.03 0.10 0.05 0.20 0.00 0.06 0.23 0.07 0.14 0.00 0.00 0.29 0.00 0.00 0.10 0.18 0.00 0.25 0.00 0.00 0.37 0.00 0.10 0.00 0.00 0.00 0.07 0.44 0.00 0.39 0.00 0.00 0.13 0.00 0.05 0.28 0.00 0.15 0.00 0.13 0.00 0.22 0.04 0.00 0.00 0.48 0.07 0.00 0.00 0.00 0.29 0.00 0.00 0.23 0.29 0.00 0.00 0.00 0.11 0.00 0.08 0.02 0.00 0.24 0.21 0.00 0.17 0.00 0.00 0.05 0.04 0.15 0.00 0.07 0.00 0.18 0.33 0.00 0.30 0.00 0.00 0.39 0.00 0.18 0.10 0.00 0.18 0.00 0.00 0.54 0.00 0.34 0.00 0.00 0.00 0.00 0.14 0.00 0.26 0.00 0.00 0.50 0.00 0.39 0.00 0.20 0.04 0.00 0.00 0.00 0.43 0.00 0.04 0.29 0.00 0.41 0.00 0.00 0.00 0.40 0.00 0.00 0.40 0.00 0.17 0.00 0.22 0.00 0.30 0.00 0.00 0.20 0.00 0.01 0.13 0.21 0.00 0.02 0.00 0.00 0.00 0.48 0.00"/>
        <maxBR time="34.40" position="742.07,1465.11" value="0.55"/>
        <SGAPSpan values="28.64 29.17 29.70 30.21 30.71 31.21 31.69 32.16 32.62 33.07 33.50 33.93 34.35 34.76 35.16 35.56 35.94 36.32 36.68 37.04 37.39 37.74 38.07 38.39 38.69 38.99 39.28 39.56 39.83 40.09 40.34 40.59 40.82 41.04 41.25 41.46 41.65 41.84 42.02 42.18 42.34 42.49 42.62 42.75 42.86 42.97 43.08 43.17 43.25 43.33 43.40 43.46 43.51 43.55 43.58 43.61 43.62 43.60 43.57 43.51 43.44 43.35 43.23 43.11 42.96 42.80 42.63 42.43 42.23 42.01 41.77 41.53 41.28 41.02 40.74 40.47 40.19 39.90 39.60 39.30 38.99 38.66 38.34 38.01 37.66 37.31 36.95 36.60 36.23 35.86 35.49 35.11 34.74 34.36 33.98 33.60 33.22 32.84 32.47 32.09 31.73 31.36 31.00 30.64 30.29 29.94 29.60 29.27 28.93 28.61 NA NA NA NA NA NA NA NA NA NA NA NA NA NA NA NA NA NA NA NA NA NA NA NA NA NA NA NA NA NA NA NA NA NA NA NA NA NA NA NA NA NA NA NA NA NA NA NA NA NA NA NA NA NA NA NA NA NA NA NA NA NA NA NA NA NA NA NA NA NA NA NA NA NA NA NA NA NA NA NA NA NA NA NA NA NA NA NA NA NA NA NA NA NA NA NA NA NA NA NA NA NA NA NA NA NA NA NA NA NA NA NA NA NA NA NA NA NA NA NA NA NA NA NA NA NA NA NA NA NA NA NA NA NA NA NA NA NA NA NA NA NA NA NA NA NA NA NA NA NA NA NA NA NA NA NA NA NA NA NA NA NA NA NA NA NA NA NA NA NA NA NA NA NA NA NA NA NA NA NA NA NA NA NA NA NA NA NA NA NA NA NA NA NA NA NA NA NA NA NA NA NA NA NA NA NA NA NA NA NA NA NA NA NA NA NA NA NA NA NA NA NA NA NA NA NA NA NA NA NA NA NA NA NA NA NA NA NA NA NA NA NA NA NA NA NA NA NA NA NA NA NA NA NA NA NA NA NA NA NA NA NA NA NA NA NA NA NA NA NA NA NA NA NA NA NA NA NA NA NA NA NA NA NA NA NA NA NA NA NA NA NA NA NA NA NA NA NA NA NA NA NA NA NA NA NA NA NA NA NA NA NA NA NA NA NA NA NA NA NA NA NA NA NA NA NA NA NA NA NA NA"/>
        <minSGAP time="32.40" position="738.26,1455.44" value="28.61" leader="flow_16.1"/>
        <TGAPSpan values="NA 245.18 129.09 88.00 66.76 56.57 49.15 42.11 36.95 33.48 30.43 28.05 26.88 25.85 24.48 23.14 22.31 21.29 20.27 19.68 18.79 18.27 17.48 16.73 16.14 15.61 15.14 14.72 14.24 13.84 13.57 13.37 12.97 12.62 12.31 12.07 11.74 11.57 11.35 11.10 10.81 10.66 10.39 10.14 9.96 9.82 9.63 9.47 9.36 9.21 9.03 8.92 8.77 8.59 8.46 8.40 8.42 8.42 8.33 8.37 8.31 8.29 8.27 8.25 8.22 8.27 8.17 8.14 8.11 8.11 7.99 7.95 7.95 7.90 7.81 7.80 7.73 7.71 7.58 7.57 7.52 7.46 7.40 7.33 7.20 7.14 7.08 7.07 7.00 6.88 6.84 6.74 6.71 6.63 6.50 6.44 6.39 6.31 6.22 6.20 6.13 6.01 5.96 5.88 5.82 5.78 5.70 5.65 5.55 5.49 NA NA NA NA NA NA NA NA NA NA NA NA NA NA NA NA NA NA NA NA NA NA NA NA NA NA NA NA NA NA NA NA NA NA NA NA NA NA NA NA NA NA NA NA NA NA NA NA NA NA NA NA NA NA NA NA NA NA NA NA NA NA NA NA NA NA NA NA NA NA NA NA NA NA NA NA NA NA NA NA NA NA NA NA NA NA NA NA NA NA NA NA NA NA NA NA NA NA NA NA NA NA NA NA NA NA NA NA NA NA NA NA NA NA NA NA NA NA NA NA NA NA NA NA NA NA NA NA NA NA NA NA NA NA NA NA NA NA NA NA NA NA NA NA NA NA NA NA NA NA NA NA NA NA NA NA NA NA NA NA NA NA NA NA NA NA NA NA NA NA NA NA NA NA NA NA NA NA NA NA NA NA NA NA NA NA NA NA NA NA NA NA NA NA NA NA NA NA NA NA NA NA NA NA NA NA NA NA NA NA NA NA NA NA NA NA NA NA NA NA NA NA NA NA NA NA NA NA NA NA NA NA NA NA NA NA NA NA NA NA NA NA NA NA NA NA NA NA NA NA NA NA NA NA NA NA NA NA NA NA NA NA NA NA NA NA NA NA NA NA NA NA NA NA NA NA NA NA NA NA NA NA NA NA NA NA NA NA NA NA NA NA NA NA NA NA NA NA NA NA NA NA NA NA NA NA NA NA NA NA NA NA NA NA NA NA NA NA NA NA NA NA NA NA NA NA NA NA NA NA NA"/>
        <minTGAP time="32.40" position="738.26,1455.44" value="5.49" leader="flow_16.1"/>
    </globalMeasures>
    <conflict begin="56.20" end="67.70" ego="flow_16.2" foe="flow_0.4">
        <minTTC time="58.20" position="749.46,1496.46" type="11" value="9.52" speed="1.76"/>
        <maxDRAC time="57.90" position="748.94,1497.75" type="10" value="1.04" speed="1.48"/>
        <PET time="62.77" position="749.46,1496.46" type="17" value="0.65" speed="5.40"/>
        <minPPET time="61.70" position="749.46,1496.46" type="13" value="0.60" speed="4.96"/>
        <maxMDRAC time="58.20" position="749.46,1496.46" type="11" value="0.10" speed="1.76"/>
    </conflict>
    <conflict begin="33.50" end="85.10" ego="flow_15.1" foe="flow_15.2">
        <minTTC time="49.60" position="748.37,1481.24" type="3" value="1.44" speed="0.00"/>
        <maxDRAC time="47.30" position="748.37,1481.24" type="3" value="1.48" speed="0.00"/>
        <PET time="NA" position="NA" type="NA" value="NA" speed="NA"/>
        <minPPET time="NA" position="NA" type="NA" value="NA" speed="NA"/>
        <maxMDRAC time="47.30" position="748.37,1481.24" type="3" value="3.20" speed="0.00"/>
    </conflict>
    <conflict begin="35.70" end="64.80" ego="flow_15.1" foe="flow_16.2">
        <minTTC time="50.40" position="748.37,1481.24" type="3" value="2.59" speed="0.00"/>
        <maxDRAC time="49.00" position="748.37,1481.24" type="3" value="0.97" speed="0.00"/>
        <PET time="NA" position="NA" type="NA" value="NA" speed="NA"/>
        <minPPET time="NA" position="NA" type="NA" value="NA" speed="NA"/>
        <maxMDRAC time="49.00" position="748.37,1481.24" type="3" value="1.52" speed="0.00"/>
    </conflict>
    <globalMeasures ego="flow_15.1">
        <timeSpan values="26.50 26.60 26.70 26.80 26.90 27.00 27.10 27.20 27.30 27.40 27.50 27.60 27.70 27.80 27.90 28.00 28.10 28.20 28.30 28.40 28.50 28.60 28.70 28.80 28.90 29.00 29.10 29.20 29.30 29.40 29.50 29.60 29.70 29.80 29.90 30.00 30.10 30.20 30.30 30.40 30.50 30.60 30.70 30.80 30.90 31.00 31.10 31.20 31.30 31.40 31.50 31.60 31.70 31.80 31.90 32.00 32.10 32.20 32.30 32.40 32.50 32.60 32.70 32.80 32.90 33.00 33.10 33.20 33.30 33.40 33.50 33.60 33.70 33.80 33.90 34.00 34.10 34.20 34.30 34.40 34.50 34.60 34.70 34.80 34.90 35.00 35.10 35.20 35.30 35.40 35.50 35.60 35.70 35.80 35.90 36.00 36.10 36.20 36.30 36.40 36.50 36.60 36.70 36.80 36.90 37.00 37.10 37.20 37.30 37.40 37.50 37.60 37.70 37.80 37.90 38.00 38.10 38.20 38.30 38.40 38.50 38.60 38.70 38.80 38.90 39.00 39.10 39.20 39.30 39.40 39.50 39.60 39.70 39.80 39.90 40.00 40.10 40.20 40.30 40.40 40.50 40.60 40.70 40.80 40.90 41.00 41.10 41.20 41.30 41.40 41.50 41.60 41.70 41.80 41.90 42.00 42.10 42.20 42.30 42.40 42.50 42.60 42.70 42.80 42.90 43.00 43.10 43.20 43.30 43.40 43.50 43.60 43.70 43.80 43.90 44.00 44.10 44.20 44.30 44.40 44.50 44.60 44.70 44.80 44.90 45.00 45.10 45.20 45.30 45.40 45.50 45.60 45.70 45.80 45.90 46.00 46.10 46.20 46.30 46.40 46.50 46.60 46.70 46.80 46.90 47.00 47.10 47.20 47.30 47.40 47.50 47.60 47.70 47.80 47.90 48.00 48.10 48.20 48.30 48.40 48.50 48.60 48.70 48.80 48.90 49.00 49.10 49.20 49.30 49.40 49.50 49.60 49.70 49.80 49.90 50.00 50.10 50.20 50.30 50.40 50.50 50.60 50.70 50.80 50.90 51.00 51.10 51.20 51.30 51.40 51.50 51.60 51.70 51.80 51.90 52.00 52.10 52.20 52.30 52.40 52.50 52.60 52.70 52.80 52.90 53.00 53.10 53.20 53.30 53.40 53.50 53.60 53.70 53.80 53.90 54.00 54.10 54.20 54.30 54.40 54.50 54.60 54.70 54.80 54.90 55.00 55.10 55.20 55.30 55.40 55.50 55.60 55.70 55.80 55.90 56.00 56.10 56.20 56.30 56.40 56.50 56.60 56.70 56.80 56.90 57.00 57.10 57.20 57.30 57.40 57.50 57.60 57.70 57.80 57.90 58.00 58.10 58.20 58.30 58.40 58.50 58.60 58.70 58.80 58.90 59.00 59.10 59.20 59.30 59.40 59.50 59.60 59.70 59.80 59.90 60.00 60.10 60.20 60.30 60.40 60.50 60.60 60.70 60.80 60.90 61.00 61.10 61.20 61.30 61.40 61.50 61.60 61.70 61.80 61.90 62.00 62.10 62.20 62.30 62.40 62.50 62.60 62.70 62.80 62.90 63.00 63.10 63.20 63.30 63.40 63.50 63.60 63.70 63.80 63.90 64.00 64.10 64.20 64.30 64.40 64.50 64.60 64.70 64.80 64.90 65.00 65.10 65.20 65.30 65.40 65.50 65.60 65.70 65.80 65.90 66.00 66.10 66.20 66.30 66.40 66.50 66.60 66.70 66.80 66.90 67.00 67.10 67.20 67.30 67.40 67.50 67.60 67.70 67.80 67.90 68.00 68.10 68.20 68.30 68.40 68.50 68.60 68.70 68.80 68.90 69.00 69.10 69.20 69.30 69.40 69.50 69.60 69.70 69.80 69.90 70.00 70.10 70.20 70.30 70.40 70.50 70.60 70.70 70.80 70.90 71.00 71.10 71.20 71.30 71.40 71.50 71.60 71.70 71.80 71.90 72.00 72.10 72.20 72.30 72.40 72.50 72.60 72.70 72.80 72.90 73.00 73.10 73.20 73.30 73.40 73.50 73.60 73.70 73.80 73.90 74.00 74.10 74.20 74.30 74.40 74.50 74.60 74.70 74.80 74.90 75.00 75.10 75.20 75.30 75.40 75.50 75.60 75.70 75.80 75.90 76.00 76.10 76.20 76.30 76.40 76.50 76.60 76.70 76.80 76.90 77.00 77.10 77.20 77.30 77.40 77.50 77.60 77.70 77.80 77.90 78.00 78.10 78.20 78.30 78.40 78.50 78.60 78.70 78.80 78.90 79.00 79.10 79.20 79.30 79.40 79.50 79.60 79.70 79.80 79.90 80.00 80.10 80.20 80.30 80.40 80.50 80.60 80.70 80.80 80.90 81.00 81.10 81.20 81.30 81.40 81.50 81.60 81.70 81.80 81.90 82.00 82.10 82.20 82.30 82.40 82.50 82.60 82.70 82.80 82.90 83.00 83.10 83.20 83.30 83.40 83.50 83.60 83.70 83.80 83.90 84.00 84.10 84.20 84.30 84.40 84.50 84.60 84.70 84.80 84.90 85.00 85.10"/>
        <BRSpan values="0.00 0.00 0.00 0.00 0.00 0.00 0.00 0.00 0.00 0.00 0.00 0.00 0.00 0.00 0.00 0.00 0.00 0.00 0.00 0.00 0.00 0.00 0.00 0.00 0.00 0.00 0.00 0.00 0.00 0.00 0.00 0.00 0.00 0.00 0.00 0.00 0.00 0.00 0.00 0.00 0.00 0.00 0.00 0.00 0.00 0.00 0.00 0.00 0.00 0.00 0.00 0.00 0.00 0.00 0.00 0.00 0.00 0.00 0.44 0.05 0.00 0.25 0.25 0.00 0.23 0.07 0.00 0.00 0.09 0.00 0.26 0.00 0.03 0.08 0.26 0.00 0.00 0.00 0.48 0.00 0.00 0.16 0.00 0.14 0.21 0.00 0.00 0.00 0.32 0.00 0.00 0.00 0.30 0.17 0.00 0.00 0.10 0.00 0.16 0.13 0.00 0.00 0.21 0.09 0.17 0.01 0.00 0.00 0.23 0.00 0.16 0.10 0.00 0.17 0.13 0.00 0.09 0.05 0.00 0.00 0.09 0.00 0.00 0.07 0.00 0.00 0.00 0.20 0.21 0.00 0.56 0.00 0.16 0.06 0.06 0.13 0.00 0.00 0.41 0.00 0.00 0.00 0.00 0.00 0.22 0.17 0.01 0.00 0.03 0.31 0.00 0.38 0.00 0.06 0.01 0.21 0.00 0.31 0.00 0.19 2.45 3.00 3.00 2.83 2.72 3.00 3.00 3.00 2.90 3.00 3.00 3.00 3.00 2.96 3.00 3.00 2.97 1.86 0.07 0.00 0.00 0.00 0.00 0.00 0.00 0.00 0.00 0.00 0.00 0.00 0.00 0.00 0.00 0.00 0.00 0.00 0.00 0.00 0.00 0.00 0.00 0.00 0.00 0.00 0.00 0.00 0.00 0.00 0.00 0.00 0.00 0.00 0.00 0.00 0.00 0.00 0.00 0.00 0.00 0.00 0.00 0.00 0.00 0.00 0.00 0.00 0.00 0.00 0.00 0.00 0.00 0.00 0.00 0.00 0.00 0.00 0.00 0.00 0.00 0.00 0.00 0.00 0.00 0.00 0.00 0.00 0.00 0.00 0.00 0.00 0.00 0.00 0.00 0.00 0.00 0.00 0.00 0.00 0.00 0.00 0.00 0.00 0.00 0.00 0.00 0.00 0.00 0.00 0.00 0.00 0.00 0.00 0.00 0.00 0.00 0.00 0.00 0.00 0.00 0.00 0.00 0.00 0.00 0.00 0.00 0.00 0.00 0.00 0.00 0.00 0.00 0.00 0.00 0.00 0.00 0.00 0.00 0.00 0.00 0.00 0.00 0.00 0.00 0.00 0.00 0.00 0.00 0.00 0.00 0.00 0.00 0.00 0.00 0.00 0.00 0.00 0.00 0.00 0.00 0.00 0.00 0.00 0.00 0.00 0.00 0.00 0.00 0.00 0.00 0.00 0.00 0.00 0.00 0.00 0.00 0.00 0.00 0.00 0.00 0.00 0.00 0.00 0.13 0.00 0.00 0.08 0.14 0.00 0.00 0.51 0.00 0.00 0.00 0.09 0.00 0.00 0.00 0.08 0.31 0.00 0.09 0.00 0.29 0.00 0.00 0.10 0.21 0.00 0.32 0.00 0.00 0.29 0.00 0.00 0.10 0.28 0.00 0.43 0.00 0.00 0.00 0.10 0.38 0.00 0.00 0.00 0.14 0.00 0.15 0.00 0.30 0.00 0.00 0.00 0.14 0.00 0.00 0.34 0.00 0.23 0.00 0.00 0.20 0.00 0.00 0.33 0.00 0.25 0.15 0.01 0.00 0.14 0.00 0.27 0.00 0.37 0.00 0.00 0.00 0.34 0.00 0.00 0.28 0.16 0.00 0.00 0.19 0.00 0.00 0.18 0.00 0.31 0.02 0.00 0.05 0.00 0.29 0.00 0.00 0.07 0.00 0.23 0.00 0.00 0.15 0.00 0.00 0.07 0.05 0.22 0.00 0.00 0.00 0.33 0.00 0.32 0.00 0.23 0.00 0.00 0.00 0.00 0.02 0.23 0.00 0.52 0.00 0.00 0.12 0.29 0.04 0.00 0.55 0.00 0.17 0.13 0.00 0.16 0.13 0.00 0.00 0.20 0.00 0.38 0.02 0.00 0.02 0.26 0.00 0.46 0.00 0.24 0.00 0.10 0.00 0.20 0.00 0.03 0.00 0.00 0.35 0.00 0.21 0.20 0.00 0.06 0.00 0.00 0.04 0.29 0.00 0.31 0.00 0.14 0.00 0.00 0.53 0.00 0.32 0.00 0.00 0.00 0.04 0.41 0.01 0.00 0.47 0.00 0.00 0.45 0.00 0.02 0.00 0.56 0.00 0.00 0.20 0.00 0.00 0.16 0.05 0.00 0.06 0.32 0.00 0.00 0.30 0.00 0.04 0.12 0.03 0.00 0.00 0.41 0.00 0.13 0.26 0.00 0.10 0.18 0.00 0.08 0.17 0.27 0.00 0.23 0.00 0.19 0.27 0.00 0.00 0.13 0.28 0.00 0.00 0.14 0.02 0.24 0.07 0.00 0.00 0.09 0.32 0.00 0.25 0.00 0.00"/>
        <maxBR time="43.00" position="748.42,1481.37" value="3.00"/>
        <SGAPSpan values="10.62 11.10 11.57 12.04 12.51 12.98 13.43 13.87 14.31 14.73 15.14 15.55 15.95 16.34 16.71 17.08 17.44 17.79 18.13 18.46 18.79 19.10 19.40 19.70 19.98 20.26 20.52 20.77 21.03 21.26 21.49 21.71 21.92 22.12 22.32 22.51 22.68 22.85 23.00 23.15 23.29 23.42 23.54 23.65 23.76 23.86 23.95 24.04 24.12 24.18 24.23 24.28 24.32 24.34 24.36 24.36 24.37 24.36 24.37 24.37 24.38 24.38 24.38 24.38 24.38 24.39 24.39 24.39 24.40 24.40 24.40 24.40 24.41 24.41 24.41 24.42 24.42 24.42 24.42 24.42 24.43 24.43 24.44 24.44 24.45 24.45 24.45 24.45 24.45 24.46 24.46 24.46 24.46 24.47 24.47 24.48 24.48 24.48 24.48 24.48 24.48 24.48 24.49 24.49 24.50 24.51 24.51 24.51 24.52 24.52 24.53 24.53 24.53 24.54 24.54 24.55 24.55 24.55 24.56 NA NA NA NA NA NA NA NA NA NA NA NA NA NA NA NA NA NA NA NA NA NA NA NA NA NA NA NA NA NA NA NA NA NA NA NA NA NA NA NA NA NA NA NA NA NA NA NA NA NA NA NA NA NA NA NA NA NA NA NA NA NA NA NA NA NA NA NA NA NA NA NA NA NA NA NA NA NA NA NA NA NA NA NA NA NA NA NA NA NA NA NA NA NA NA NA NA NA NA NA NA NA NA NA NA NA NA NA NA NA NA NA NA NA NA NA NA NA NA NA NA NA NA NA NA NA NA NA NA NA NA NA NA NA NA NA NA NA NA NA NA NA NA NA NA NA NA NA NA NA NA NA NA NA NA NA NA NA NA NA NA NA NA NA NA NA NA NA NA NA NA NA NA NA NA NA NA NA NA NA NA NA NA NA NA NA NA NA NA NA NA NA NA NA NA NA NA NA NA NA NA NA NA NA NA NA NA NA NA NA NA NA NA NA NA NA NA NA NA NA NA NA NA NA NA NA NA NA NA NA NA NA NA NA NA NA NA NA NA NA NA NA NA NA NA NA NA NA NA NA NA NA NA NA NA NA NA NA NA NA NA NA NA NA NA NA NA NA NA NA NA NA NA NA NA NA NA NA NA NA NA NA NA NA NA NA NA NA NA NA NA NA NA NA NA NA NA NA NA NA NA NA NA NA NA NA NA NA NA NA NA NA NA NA NA NA NA NA NA NA NA NA NA NA NA NA NA NA NA NA NA NA NA NA NA NA NA NA NA NA NA NA NA NA NA NA NA NA NA NA NA NA NA NA NA NA NA NA NA NA NA NA NA NA NA NA NA NA NA NA NA NA NA NA NA NA NA NA NA NA NA NA NA NA NA NA NA NA NA NA NA NA NA NA NA NA NA NA NA NA NA NA NA NA NA NA NA NA NA NA NA NA NA NA NA NA NA NA NA NA NA NA NA NA NA NA NA NA NA NA NA NA NA NA NA NA NA NA NA NA NA NA NA NA NA NA NA NA NA NA NA NA NA NA NA NA NA NA NA NA NA NA NA NA NA NA NA NA"/>
        <minSGAP time="26.50" position="722.40,1415.21" value="10.62" leader="flow_15.0"/>
        <TGAPSpan values="NA 96.05 50.81 35.30 28.35 23.60 20.26 18.06 16.57 15.11 13.99 13.50 12.66 12.08 11.38 11.11 10.82 10.63 10.25 9.80 9.41 9.17 8.99 8.77 8.46 8.22 7.96 7.88 7.79 7.56 7.41 7.20 7.13 6.98 6.86 6.71 6.60 6.47 6.30 6.23 6.12 6.04 5.92 5.80 5.74 5.68 5.58 5.52 5.42 5.32 5.21 5.14 5.02 4.93 4.83 4.75 4.70 4.68 4.73 4.73 4.69 4.72 4.74 4.70 4.72 4.73 4.72 4.70 4.71 4.70 4.73 4.71 4.71 4.72 4.75 4.73 4.72 4.70 4.74 4.72 4.72 4.74 4.71 4.72 4.74 4.72 4.72 4.71 4.74 4.74 4.73 4.71 4.73 4.75 4.74 4.72 4.73 4.72 4.73 4.74 4.73 4.72 4.74 4.75 4.76 4.77 4.76 4.73 4.75 4.73 4.75 4.76 4.73 4.75 4.76 4.75 4.76 4.77 4.77 NA NA NA NA NA NA NA NA NA NA NA NA NA NA NA NA NA NA NA NA NA NA NA NA NA NA NA NA NA NA NA NA NA NA NA NA NA NA NA NA NA NA NA NA NA NA NA NA NA NA NA NA NA NA NA NA NA NA NA NA NA NA NA NA NA NA NA NA NA NA NA NA NA NA NA NA NA NA NA NA NA NA NA NA NA NA NA NA NA NA NA NA NA NA NA NA NA NA NA NA NA NA NA NA NA NA NA NA NA NA NA NA NA NA NA NA NA NA NA NA NA NA NA NA NA NA NA NA NA NA NA NA NA NA NA NA NA NA NA NA NA NA NA NA NA NA NA NA NA NA NA NA NA NA NA NA NA NA NA NA NA NA NA NA NA NA NA NA NA NA NA NA NA NA NA NA NA NA NA NA NA NA NA NA NA NA NA NA NA NA NA NA NA NA NA NA NA NA NA NA NA NA NA NA NA NA NA NA NA NA NA NA NA NA NA NA NA NA NA NA NA NA NA NA NA NA NA NA NA NA NA NA NA NA NA NA NA NA NA NA NA NA NA NA NA NA NA NA NA NA NA NA NA NA NA NA NA NA NA NA NA NA NA NA NA NA NA NA NA NA NA NA NA NA NA NA NA NA NA NA NA NA NA NA NA NA NA NA NA NA NA NA NA NA NA NA NA NA NA NA NA NA NA NA NA NA NA NA NA NA NA NA NA NA NA NA NA NA NA NA NA NA NA NA NA NA NA NA NA NA NA NA NA NA NA NA NA NA NA NA NA NA NA NA NA NA NA NA NA NA NA NA NA NA NA NA NA NA NA NA NA NA NA NA NA NA NA NA NA NA NA NA NA NA NA NA NA NA NA NA NA NA NA NA NA NA NA NA NA NA NA NA NA NA NA NA NA NA NA NA NA NA NA NA NA NA NA NA NA NA NA NA NA NA NA NA NA NA NA NA NA NA NA NA NA NA NA NA NA NA NA NA NA NA NA NA NA NA NA NA NA NA NA NA NA NA NA NA NA NA NA NA NA NA NA NA NA NA NA NA NA NA NA NA NA NA NA NA"/>
        <minTGAP time="32.20" position="728.21,1429.94" value="4.68" leader="flow_15.0"/>
    </globalMeasures>
    <conflict begin="33.50" end="85.10" ego="flow_15.2" foe="flow_15.1">
        <minTTC time="49.60" position="748.37,1481.24" type="2" value="1.44" speed="1.74"/>
        <maxDRAC time="47.30" position="748.37,1481.24" type="2" value="1.48" speed="5.50"/>
        <PET time="NA" position="NA" type="NA" value="NA" speed="NA"/>
        <minPPET time="NA" position="NA" type="NA" value="NA" speed="NA"/>
        <maxMDRAC time="47.30" position="748.37,1481.24" type="2" value="3.20" speed="5.50"/>
    </conflict>
    <conflict begin="35.70" end="64.80" ego="flow_15.2" foe="flow_16.2">
        <minTTC time="52.30" position="747.44,1478.76" type="3" value="1.68" speed="0.16"/>
        <maxDRAC time="50.60" position="747.20,1478.12" type="3" value="0.57" speed="0.80"/>
        <PET time="NA" position="NA" type="NA" value="NA" speed="NA"/>
        <minPPET time="NA" position="NA" type="NA" value="NA" speed="NA"/>
        <maxMDRAC time="51.40" position="747.36,1478.54" type="3" value="1.14" speed="0.39"/>
    </conflict>
    <conflict begin="40.80" end="51.80" ego="flow_15.2" foe="flow_4.2">
        <minTTC time="42.50" position="755.50,1494.41" type="11" value="9.28" speed="5.61"/>
        <maxDRAC time="42.40" position="755.50,1494.41" type="11" value="0.09" speed="5.59"/>
        <PET time="NA" position="NA" type="NA" value="NA" speed="NA"/>
        <minPPET time="42.30" position="755.50,1494.41" type="111" value="-4.36" speed="5.61"/>
        <maxMDRAC time="42.50" position="755.50,1494.41" type="11" value="0.34" speed="5.61"/>
    </conflict>
    <globalMeasures ego="flow_15.2">
        <timeSpan values="33.50 33.60 33.70 33.80 33.90 34.00 34.10 34.20 34.30 34.40 34.50 34.60 34.70 34.80 34.90 35.00 35.10 35.20 35.30 35.40 35.50 35.60 35.70 35.80 35.90 36.00 36.10 36.20 36.30 36.40 36.50 36.60 36.70 36.80 36.90 37.00 37.10 37.20 37.30 37.40 37.50 37.60 37.70 37.80 37.90 38.00 38.10 38.20 38.30 38.40 38.50 38.60 38.70 38.80 38.90 39.00 39.10 39.20 39.30 39.40 39.50 39.60 39.70 39.80 39.90 40.00 40.10 40.20 40.30 40.40 40.50 40.60 40.70 40.80 40.90 41.00 41.10 41.20 41.30 41.40 41.50 41.60 41.70 41.80 41.90 42.00 42.10 42.20 42.30 42.40 42.50 42.60 42.70 42.80 42.90 43.00 43.10 43.20 43.30 43.40 43.50 43.60 43.70 43.80 43.90 44.00 44.10 44.20 44.30 44.40 44.50 44.60 44.70 44.80 44.90 45.00 45.10 45.20 45.30 45.40 45.50 45.60 45.70 45.80 45.90 46.00 46.10 46.20 46.30 46.40 46.50 46.60 46.70 46.80 46.90 47.00 47.10 47.20 47.30 47.40 47.50 47.60 47.70 47.80 47.90 48.00 48.10 48.20 48.30 48.40 48.50 48.60 48.70 48.80 48.90 49.00 49.10 49.20 49.30 49.40 49.50 49.60 49.70 49.80 49.90 50.00 50.10 50.20 50.30 50.40 50.50 50.60 50.70 50.80 50.90 51.00 51.10 51.20 51.30 51.40 51.50 51.60 51.70 51.80 51.90 52.00 52.10 52.20 52.30 52.40 52.50 52.60 52.70 52.80 52.90 53.00 53.10 53.20 53.30 53.40 53.50 53.60 53.70 53.80 53.90 54.00 54.10 54.20 54.30 54.40 54.50 54.60 54.70 54.80 54.90 55.00 55.10 55.20 55.30 55.40 55.50 55.60 55.70 55.80 55.90 56.00 56.10 56.20 56.30 56.40 56.50 56.60 56.70 56.80 56.90 57.00 57.10 57.20 57.30 57.40 57.50 57.60 57.70 57.80 57.90 58.00 58.10 58.20 58.30 58.40 58.50 58.60 58.70 58.80 58.90 59.00 59.10 59.20 59.30 59.40 59.50 59.60 59.70 59.80 59.90 60.00 60.10 60.20 60.30 60.40 60.50 60.60 60.70 60.80 60.90 61.00 61.10 61.20 61.30 61.40 61.50 61.60 61.70 61.80 61.90 62.00 62.10 62.20 62.30 62.40 62.50 62.60 62.70 62.80 62.90 63.00 63.10 63.20 63.30 63.40 63.50 63.60 63.70 63.80 63.90 64.00 64.10 64.20 64.30 64.40 64.50 64.60 64.70 64.80 64.90 65.00 65.10 65.20 65.30 65.40 65.50 65.60 65.70 65.80 65.90 66.00 66.10 66.20 66.30 66.40 66.50 66.60 66.70 66.80 66.90 67.00 67.10 67.20 67.30 67.40 67.50 67.60 67.70 67.80 67.90 68.00 68.10 68.20 68.30 68.40 68.50 68.60 68.70 68.80 68.90 69.00 69.10 69.20 69.30 69.40 69.50 69.60 69.70 69.80 69.90 70.00 70.10 70.20 70.30 70.40 70.50 70.60 70.70 70.80 70.90 71.00 71.10 71.20 71.30 71.40 71.50 71.60 71.70 71.80 71.90 72.00 72.10 72.20 72.30 72.40 72.50 72.60 72.70 72.80 72.90 73.00 73.10 73.20 73.30 73.40 73.50 73.60 73.70 73.80 73.90 74.00 74.10 74.20 74.30 74.40 74.50 74.60 74.70 74.80 74.90 75.00 75.10 75.20 75.30 75.40 75.50 75.60 75.70 75.80 75.90 76.00 76.10 76.20 76.30 76.40 76.50 76.60 76.70 76.80 76.90 77.00 77.10 77.20 77.30 77.40 77.50 77.60 77.70 77.80 77.90 78.00 78.10 78.20 78.30 78.40 78.50 78.60 78.70 78.80 78.90 79.00 79.10 79.20 79.30 79.40 79.50 79.60 79.70 79.80 79.90 80.00 80.10 80.20 80.30 80.40 80.50 80.60 80.70 80.80 80.90 81.00 81.10 81.20 81.30 81.40 81.50 81.60 81.70 81.80 81.90 82.00 82.10 82.20 82.30 82.40 82.50 82.60 82.70 82.80 82.90 83.00 83.10 83.20 83.30 83.40 83.50 83.60 83.70 83.80 83.90 84.00 84.10 84.20 84.30 84.40 84.50 84.60 84.70 84.80 84.90 85.00 85.10 85.20 85.30 85.40 85.50 85.60 85.70 85.80 85.90 86.00 86.10 86.20 86.30 86.40 86.50"/>
        <BRSpan values="0.00 0.00 0.00 0.00 0.00 0.00 0.00 0.00 0.00 0.00 0.00 0.00 0.00 0.00 0.00 0.00 0.00 0.00 0.00 0.00 0.00 0.00 0.00 0.00 0.00 0.00 0.00 0.00 0.00 0.00 0.00 0.00 0.00 0.00 0.00 0.00 0.00 0.00 0.00 0.00 0.00 0.00 0.00 0.00 0.00 0.00 0.00 0.00 0.00 0.00 0.00 0.00 0.00 0.00 0.00 0.00 0.00 0.00 0.00 0.00 0.00 0.00 0.26 0.00 0.00 0.14 0.00 0.01 0.03 0.00 0.00 0.00 0.07 0.02 0.00 0.54 0.00 0.34 0.00 0.00 0.36 0.00 0.00 0.21 0.00 0.21 0.00 0.00 0.00 0.22 0.00 0.44 0.00 0.00 0.17 0.00 0.00 0.09 0.06 0.22 0.00 0.00 0.00 0.22 0.00 0.00 0.32 0.00 0.00 0.03 0.00 0.08 0.23 0.17 0.00 0.00 0.00 0.24 0.19 0.00 0.00 0.00 0.01 0.00 0.35 0.00 0.00 0.30 0.00 0.05 0.00 0.22 0.00 0.00 0.30 0.00 0.31 0.00 1.05 2.23 2.29 1.59 2.06 1.83 1.78 1.72 1.74 1.81 1.61 2.00 1.53 1.92 1.55 1.48 1.18 1.77 1.55 0.84 1.70 0.95 1.46 1.02 1.38 1.20 1.02 0.89 0.76 0.96 0.91 0.67 0.65 0.96 0.52 0.63 0.60 0.55 0.37 0.49 0.59 0.33 0.28 0.45 0.19 0.26 0.31 0.30 0.20 0.13 0.23 0.13 0.16 0.12 0.08 0.12 0.11 0.09 0.07 0.05 0.07 0.06 0.06 0.04 0.04 0.04 0.02 0.04 0.02 0.03 0.03 0.02 0.02 0.02 0.01 0.01 0.01 0.01 0.00 0.00 0.00 0.00 0.00 0.00 0.00 0.00 0.00 0.00 0.00 0.00 0.00 0.00 0.00 0.00 0.00 0.00 0.00 0.00 0.00 0.00 0.00 0.00 0.00 0.00 0.00 0.00 0.00 0.00 0.00 0.00 0.00 0.00 0.00 0.00 0.00 0.00 0.00 0.00 0.00 0.00 0.00 0.00 0.00 0.00 0.00 0.00 0.00 0.00 0.00 0.00 0.00 0.00 0.00 0.00 0.00 0.00 0.00 0.00 0.00 0.19 0.00 0.00 0.34 0.03 0.00 0.08 0.00 0.00 0.00 0.00 0.30 0.00 0.00 0.10 0.04 0.00 0.00 0.15 0.00 0.13 0.00 0.00 0.14 0.00 0.14 0.14 0.00 0.21 0.00 0.00 0.65 0.00 0.17 0.00 0.12 0.44 0.00 0.00 0.09 0.21 0.00 0.27 0.00 0.05 0.00 0.14 0.00 0.00 0.00 0.20 0.00 0.32 0.00 0.27 0.00 0.00 0.00 0.00 0.43 0.00 0.00 0.08 0.00 0.00 0.54 0.00 0.41 0.00 0.34 0.00 0.08 0.00 0.37 0.00 0.27 0.08 0.00 0.00 0.16 0.00 0.16 0.00 0.61 0.00 0.12 0.21 0.02 0.12 0.00 0.00 0.00 0.07 0.19 0.00 0.00 0.00 0.05 0.13 0.00 0.27 0.00 0.20 0.13 0.00 0.30 0.00 0.00 0.00 0.62 0.00 0.29 0.00 0.00 0.00 0.25 0.00 0.00 0.09 0.41 0.00 0.00 0.00 0.29 0.24 0.00 0.51 0.00 0.15 0.00 0.00 0.00 0.60 0.00 0.13 0.00 0.30 0.00 0.00 0.05 0.05 0.10 0.00 0.08 0.00 0.53 0.00 0.09 0.09 0.00 0.34 0.00 0.00 0.20 0.41 0.00 0.14 0.00 0.18 0.00 0.00 0.05 0.00 0.62 0.00 0.00 0.00 0.31 0.00 0.17 0.47 0.00 0.34 0.00 0.01 0.00 0.08 0.25 0.00 0.00 0.44 0.00 0.00 0.00 0.00 0.08 0.00 0.60 0.19 0.00 0.00 0.08 0.00 0.00 0.43 0.00 0.00 0.55 0.00 0.00 0.31 0.39 0.00 0.44 0.00 0.05 0.00 0.59 0.00 0.11 0.54 0.00 0.00 0.15 0.00 0.00 0.56 0.00 0.00 0.12 0.00 0.17 0.37 0.00 0.27 0.11 0.00 0.42 0.00 0.16 0.45 0.00 0.00 0.29 0.00 0.23 0.15 0.04 0.00 0.22 0.00 0.00 0.00 0.00 0.00 0.00 0.06 0.00 0.35 0.00 0.00 0.07 0.10 0.28"/>
        <maxBR time="47.50" position="745.05,1472.66" value="2.29"/>
        <SGAPSpan values="20.55 21.06 21.55 22.04 22.51 22.97 23.42 23.86 24.30 24.72 25.14 25.54 25.94 26.33 26.71 27.08 27.43 27.79 28.13 28.46 28.78 29.09 29.40 29.69 29.98 30.26 30.53 30.79 31.05 31.29 31.53 31.75 31.97 32.18 32.37 32.56 32.73 32.91 33.07 33.23 33.38 33.52 33.65 33.77 33.88 33.98 34.07 34.15 34.22 34.29 34.34 34.39 34.42 34.46 34.48 34.49 34.49 34.48 34.46 34.44 34.40 34.36 34.32 34.28 34.24 34.19 34.15 34.12 34.07 34.03 33.99 33.95 33.92 33.88 33.83 33.79 33.75 33.71 33.67 33.63 33.59 33.55 33.50 33.46 33.42 33.38 33.34 33.30 33.26 33.22 33.15 33.05 32.93 32.77 32.59 32.38 32.14 31.86 31.56 31.24 30.88 30.49 30.07 29.62 29.14 28.63 28.09 27.53 26.97 26.41 25.85 25.29 24.73 24.18 23.62 23.06 22.50 21.94 21.39 20.83 20.27 19.71 19.16 18.60 18.04 17.48 16.92 16.37 15.81 15.25 14.69 14.13 13.57 13.01 12.45 11.90 11.34 10.78 10.23 9.70 9.20 8.71 8.24 7.79 7.36 6.94 6.54 6.16 5.80 5.46 5.13 4.82 4.52 4.25 3.98 3.73 3.50 3.27 3.06 2.86 2.68 2.50 2.34 2.20 2.06 1.93 1.81 1.69 1.59 1.50 1.41 1.33 1.25 1.18 1.12 1.06 1.01 0.96 0.92 0.88 0.84 0.81 0.78 0.75 0.73 0.71 0.69 0.67 0.65 0.64 0.62 0.61 0.60 0.59 0.58 0.57 0.57 0.56 0.56 0.55 0.55 0.54 0.54 0.53 0.53 0.53 0.52 0.52 0.52 0.52 0.52 0.52 0.51 0.51 0.51 0.52 0.54 0.57 0.61 0.65 0.70 0.75 0.81 0.87 0.94 1.00 1.07 1.14 NA NA NA NA NA NA NA NA NA NA NA NA NA NA NA 2.35 2.43 2.50 2.56 2.63 2.69 2.76 2.83 2.89 2.95 3.02 3.09 3.15 3.22 3.29 3.36 3.43 3.51 3.58 3.65 3.73 3.79 3.86 3.93 3.99 4.06 4.13 4.20 4.27 4.33 4.38 4.43 4.48 4.53 4.58 4.63 4.66 4.70 4.75 4.78 4.82 4.86 4.89 4.92 4.95 4.98 5.01 5.04 5.07 5.09 5.12 5.14 5.16 NA NA NA NA NA 5.28 5.29 5.32 5.33 5.35 5.36 5.37 5.39 5.40 5.42 5.43 5.44 5.45 5.47 5.48 5.49 5.50 5.51 5.52 5.53 5.53 5.54 5.55 5.56 5.57 5.58 5.58 5.59 5.59 5.60 5.61 5.61 5.62 5.63 5.63 5.64 5.64 5.64 5.64 5.65 5.65 5.65 5.65 5.66 5.66 5.66 5.66 5.67 5.67 5.67 5.68 5.68 5.68 5.68 5.69 5.69 5.69 5.69 5.69 5.70 5.70 5.69 5.70 5.70 5.71 5.71 5.71 5.71 5.71 5.72 5.72 5.72 5.72 5.72 5.71 5.72 5.72 5.72 5.72 5.72 5.72 5.72 5.72 5.72 5.72 5.72 5.72 5.73 5.72 5.73 5.73 5.73 5.73 5.73 5.73 5.73 5.73 5.74 5.73 5.73 5.74 5.73 5.74 5.74 5.74 5.74 5.74 5.73 5.74 5.74 5.74 5.74 5.74 5.74 5.74 5.74 5.74 5.74 5.74 5.74 5.74 5.74 5.74 5.74 5.74 5.74 5.74 5.74 5.74 NA NA NA NA NA NA NA NA NA NA 5.75 5.75 5.75 5.75 5.75 5.75 5.75 5.75 5.75 5.76 5.76 5.76 5.76 5.76 5.76 5.76 5.76 5.76 5.76 5.76 5.76 5.76 5.76 5.75 5.75 5.75 5.75 5.75 5.75 5.75 5.75 5.75 5.76 5.75 5.75 5.75 5.75 5.75 5.75 5.75 5.75 5.75 5.76 5.75 5.76 5.75 5.75 5.75 5.76 5.76 5.76 5.76 5.76 5.76 5.76 5.76 5.76 5.75 5.75 5.76 5.76 5.76 5.76 5.75 5.76 5.76 5.75 5.75 5.75 5.75 5.76 5.75 5.75 5.75 5.75 5.75 5.76 NA NA NA NA NA NA NA NA NA NA NA NA NA NA"/>
        <minSGAP time="54.90" position="748.19,1480.76" value="0.51" leader="flow_15.1"/>
        <TGAPSpan values="NA 179.35 95.47 64.93 50.44 41.41 35.79 32.13 29.57 26.54 24.88 23.14 21.92 20.46 19.23 18.08 17.03 16.56 16.04 15.37 14.66 14.24 13.95 13.34 13.06 12.69 12.40 11.98 11.78 11.51 11.16 10.93 10.65 10.35 10.11 9.90 9.74 9.59 9.39 9.24 9.09 8.91 8.67 8.55 8.33 8.16 7.96 7.86 7.73 7.59 7.42 7.33 7.18 7.09 6.93 6.82 6.67 6.56 6.43 6.33 6.25 6.14 6.17 6.14 6.12 6.13 6.12 6.12 6.11 6.11 6.09 6.07 6.07 6.07 6.03 6.08 6.03 6.06 6.04 6.02 6.05 6.00 5.97 5.99 5.98 5.99 5.98 5.95 5.93 5.94 5.91 5.94 5.91 5.84 5.83 5.78 5.73 5.69 5.65 5.61 5.54 5.46 5.38 5.32 5.21 5.11 5.05 4.92 4.81 4.71 4.61 4.52 4.43 4.35 4.25 4.13 4.01 3.93 3.84 3.74 3.64 3.54 3.44 3.33 3.25 3.13 3.02 2.94 2.83 2.73 2.63 2.54 2.42 2.32 2.23 2.13 2.04 1.92 1.86 1.84 1.82 1.78 1.76 1.73 1.70 1.67 1.64 1.62 1.59 1.59 1.56 1.56 1.54 1.52 1.49 1.50 1.50 1.45 1.47 1.44 1.45 1.44 1.46 1.48 1.49 1.49 1.49 1.51 1.55 1.55 1.57 1.65 1.67 1.72 1.79 1.86 1.89 1.98 2.15 2.23 2.30 2.52 2.58 2.72 2.97 3.28 3.51 3.66 4.10 4.35 4.80 5.18 5.46 6.01 6.67 7.36 7.95 8.45 9.34 10.30 11.60 12.69 13.89 15.57 16.48 18.58 19.96 22.36 25.04 27.28 29.71 33.69 37.20 39.88 44.66 50.14 25.81 13.67 8.06 5.37 4.15 3.31 2.73 2.30 2.09 1.83 1.66 1.59 NA NA NA NA NA NA NA NA NA NA NA NA NA NA NA 1.12 1.10 1.08 1.06 1.04 1.05 1.04 1.03 1.02 1.02 1.02 1.01 1.00 1.00 1.00 1.00 0.98 0.98 0.98 0.98 0.98 0.97 0.96 0.96 0.95 0.96 0.95 0.95 0.95 0.95 0.95 0.95 0.96 0.97 0.98 0.97 0.98 0.99 1.00 1.00 1.01 1.01 1.01 1.01 1.01 1.03 1.02 1.02 1.03 1.03 1.04 1.04 1.04 NA NA NA NA NA 1.06 1.06 1.07 1.06 1.07 1.07 1.06 1.08 1.07 1.07 1.07 1.07 1.09 1.09 1.08 1.08 1.09 1.08 1.09 1.09 1.09 1.09 1.10 1.09 1.09 1.09 1.10 1.09 1.10 1.09 1.10 1.10 1.10 1.10 1.09 1.10 1.10 1.10 1.10 1.10 1.10 1.11 1.09 1.10 1.10 1.10 1.10 1.10 1.10 1.11 1.10 1.11 1.11 1.10 1.10 1.11 1.10 1.10 1.10 1.11 1.10 1.10 1.11 1.11 1.11 1.11 1.11 1.11 1.11 1.12 1.11 1.11 1.10 1.10 1.11 1.10 1.11 1.11 1.11 1.11 1.11 1.11 1.11 1.10 1.10 1.12 1.11 1.12 1.11 1.11 1.11 1.11 1.11 1.10 1.11 1.12 1.11 1.11 1.10 1.11 1.12 1.10 1.11 1.11 1.11 1.11 1.11 1.10 1.12 1.11 1.11 1.11 1.11 1.11 1.11 1.11 1.11 1.11 1.11 1.11 1.11 1.12 1.11 1.11 1.11 1.10 1.11 1.11 1.11 NA NA NA NA NA NA NA NA NA NA 1.12 1.12 1.11 1.11 1.12 1.11 1.11 1.12 1.11 1.12 1.11 1.11 1.11 1.11 1.12 1.12 1.11 1.12 1.12 1.11 1.11 1.10 1.11 1.10 1.11 1.12 1.11 1.11 1.11 1.11 1.11 1.12 1.12 1.11 1.12 1.11 1.10 1.11 1.12 1.11 1.12 1.12 1.12 1.10 1.12 1.11 1.11 1.12 1.12 1.11 1.12 1.11 1.11 1.12 1.12 1.11 1.11 1.11 1.11 1.12 1.11 1.12 1.12 1.11 1.12 1.10 1.11 1.12 1.12 1.11 1.12 1.11 1.11 1.12 1.12 1.11 1.12 NA NA NA NA NA NA NA NA NA NA NA NA NA NA"/>
        <minTGAP time="60.70" position="753.78,1491.90" value="0.95" leader="flow_15.1"/>
    </globalMeasures>
    <globalMeasures ego="flow_16.2">
        <timeSpan values="35.70 35.80 35.90 36.00 36.10 36.20 36.30 36.40 36.50 36.60 36.70 36.80 36.90 37.00 37.10 37.20 37.30 37.40 37.50 37.60 37.70 37.80 37.90 38.00 38.10 38.20 38.30 38.40 38.50 38.60 38.70 38.80 38.90 39.00 39.10 39.20 39.30 39.40 39.50 39.60 39.70 39.80 39.90 40.00 40.10 40.20 40.30 40.40 40.50 40.60 40.70 40.80 40.90 41.00 41.10 41.20 41.30 41.40 41.50 41.60 41.70 41.80 41.90 42.00 42.10 42.20 42.30 42.40 42.50 42.60 42.70 42.80 42.90 43.00 43.10 43.20 43.30 43.40 43.50 43.60 43.70 43.80 43.90 44.00 44.10 44.20 44.30 44.40 44.50 44.60 44.70 44.80 44.90 45.00 45.10 45.20 45.30 45.40 45.50 45.60 45.70 45.80 45.90 46.00 46.10 46.20 46.30 46.40 46.50 46.60 46.70 46.80 46.90 47.00 47.10 47.20 47.30 47.40 47.50 47.60 47.70 47.80 47.90 48.00 48.10 48.20 48.30 48.40 48.50 48.60 48.70 48.80 48.90 49.00 49.10 49.20 49.30 49.40 49.50 49.60 49.70 49.80 49.90 50.00 50.10 50.20 50.30 50.40 50.50 50.60 50.70 50.80 50.90 51.00 51.10 51.20 51.30 51.40 51.50 51.60 51.70 51.80 51.90 52.00 52.10 52.20 52.30 52.40 52.50 52.60 52.70 52.80 52.90 53.00 53.10 53.20 53.30 53.40 53.50 53.60 53.70 53.80 53.90 54.00 54.10 54.20 54.30 54.40 54.50 54.60 54.70 54.80 54.90 55.00 55.10 55.20 55.30 55.40 55.50 55.60 55.70 55.80 55.90 56.00 56.10 56.20 56.30 56.40 56.50 56.60 56.70 56.80 56.90 57.00 57.10 57.20 57.30 57.40 57.50 57.60 57.70 57.80 57.90 58.00 58.10 58.20 58.30 58.40 58.50 58.60 58.70 58.80 58.90 59.00 59.10 59.20 59.30 59.40 59.50 59.60 59.70 59.80 59.90 60.00 60.10 60.20 60.30 60.40 60.50 60.60 60.70 60.80 60.90 61.00 61.10 61.20 61.30 61.40 61.50 61.60 61.70 61.80 61.90 62.00 62.10 62.20 62.30 62.40 62.50 62.60 62.70 62.80 62.90 63.00 63.10 63.20 63.30 63.40 63.50 63.60 63.70 63.80 63.90 64.00 64.10 64.20 64.30 64.40 64.50 64.60 64.70 64.80 64.90 65.00 65.10 65.20 65.30 65.40 65.50 65.60 65.70 65.80 65.90 66.00 66.10 66.20 66.30 66.40 66.50 66.60 66.70 66.80 66.90 67.00 67.10 67.20 67.30 67.40 67.50 67.60 67.70 67.80 67.90 68.00 68.10 68.20 68.30 68.40 68.50 68.60 68.70 68.80 68.90 69.00 69.10 69.20 69.30 69.40 69.50 69.60 69.70 69.80 69.90 70.00 70.10 70.20 70.30 70.40 70.50 70.60 70.70 70.80 70.90 71.00 71.10 71.20 71.30 71.40 71.50 71.60 71.70 71.80 71.90 72.00 72.10 72.20 72.30 72.40 72.50 72.60 72.70 72.80 72.90 73.00 73.10 73.20 73.30 73.40 73.50 73.60 73.70 73.80 73.90 74.00 74.10 74.20 74.30 74.40 74.50 74.60 74.70 74.80 74.90 75.00 75.10 75.20 75.30 75.40 75.50 75.60 75.70 75.80 75.90 76.00 76.10 76.20 76.30 76.40 76.50 76.60 76.70 76.80 76.90 77.00 77.10 77.20 77.30 77.40 77.50 77.60 77.70 77.80 77.90 78.00 78.10 78.20 78.30 78.40 78.50 78.60 78.70 78.80 78.90 79.00 79.10 79.20 79.30 79.40 79.50 79.60 79.70 79.80 79.90 80.00 80.10 80.20 80.30 80.40 80.50 80.60 80.70 80.80 80.90 81.00 81.10 81.20 81.30 81.40 81.50 81.60 81.70 81.80 81.90 82.00 82.10 82.20 82.30 82.40 82.50 82.60 82.70 82.80 82.90 83.00 83.10 83.20 83.30 83.40 83.50 83.60 83.70 83.80 83.90 84.00 84.10 84.20 84.30 84.40 84.50 84.60 84.70 84.80 84.90 85.00 85.10 85.20 85.30 85.40 85.50 85.60 85.70 85.80 85.90 86.00 86.10 86.20 86.30 86.40 86.50 86.60 86.70 86.80 86.90 87.00 87.10 87.20 87.30 87.40 87.50 87.60 87.70 87.80 87.90 88.00 88.10 88.20 88.30 88.40 88.50 88.60 88.70 88.80 88.90"/>
        <BRSpan values="0.00 0.00 0.00 0.00 0.00 0.00 0.00 0.00 0.00 0.00 0.00 0.00 0.00 0.00 0.00 0.00 0.00 0.00 0.00 0.00 0.00 0.00 0.00 0.00 0.00 0.00 0.00 0.00 0.00 0.00 0.00 0.00 0.00 0.00 0.00 0.00 0.00 0.00 0.00 0.00 0.00 0.00 0.00 0.00 0.00 0.00 0.00 0.00 0.00 0.00 0.00 0.00 0.00 0.00 0.00 0.00 0.00 0.00 0.00 0.00 0.00 0.00 0.17 0.09 0.11 0.00 0.00 0.00 0.17 0.18 0.00 0.00 0.09 0.04 0.00 0.00 0.00 0.35 0.07 0.00 0.00 0.00 0.01 0.05 0.00 0.00 0.33 0.00 0.19 0.05 0.00 0.35 0.00 0.45 0.00 0.47 0.00 0.16 0.00 0.01 0.00 0.48 0.00 0.15 0.00 0.16 0.00 0.11 0.00 0.28 0.00 0.00 0.34 0.11 0.00 0.41 0.00 0.29 0.00 0.14 0.00 0.37 0.00 0.43 0.00 0.33 0.00 0.00 0.50 0.00 0.00 0.30 0.00 0.48 1.64 1.92 1.12 1.21 1.31 1.71 1.17 1.57 1.61 1.03 1.39 1.36 1.37 1.13 1.48 1.05 1.76 0.92 1.48 0.93 1.00 1.23 1.56 0.67 1.52 0.67 1.28 0.89 1.21 0.50 1.09 1.06 0.52 0.97 0.86 0.87 0.72 0.33 0.79 0.65 0.38 0.67 0.49 0.61 0.46 0.49 0.21 0.39 0.30 0.49 0.12 0.35 0.20 0.34 0.16 0.23 0.16 0.23 0.10 0.15 0.14 0.12 0.05 0.06 0.00 0.00 0.00 0.00 0.00 0.00 0.00 0.00 0.00 0.00 0.00 0.00 0.00 0.00 0.00 0.00 0.00 0.00 0.00 0.00 0.00 0.00 0.00 0.00 0.00 0.00 0.00 0.00 0.00 0.00 0.00 0.00 0.00 0.00 0.00 0.00 0.00 0.00 0.00 0.00 0.00 0.00 0.00 0.00 0.00 0.00 0.00 0.00 0.00 0.00 0.00 0.00 0.00 0.00 0.00 0.00 0.00 0.00 0.00 0.00 0.00 0.00 0.00 0.94 2.83 2.96 0.00 0.00 0.00 0.00 0.00 0.00 0.00 0.00 0.00 0.00 0.00 0.48 0.00 0.37 0.00 0.01 0.29 0.00 0.04 0.05 0.00 0.13 0.25 0.00 0.00 0.41 0.00 0.36 0.00 0.00 0.41 0.00 0.22 0.00 0.00 0.42 0.00 0.29 0.01 0.00 0.00 0.00 0.10 0.23 0.00 0.29 0.00 0.31 0.00 0.17 0.00 0.00 0.00 0.15 0.16 0.08 0.00 0.00 0.33 0.00 0.38 0.03 0.00 0.00 0.14 0.00 0.00 0.00 0.22 0.15 0.00 0.37 0.00 0.00 0.08 0.15 0.00 0.26 0.00 0.31 0.00 0.02 0.05 0.00 0.19 0.08 0.00 0.06 0.01 0.11 0.00 0.00 0.23 0.00 0.00 0.42 0.00 0.31 0.00 0.50 0.00 0.34 0.00 0.00 0.04 0.52 0.00 0.53 0.00 0.24 0.00 0.14 0.00 0.03 0.19 0.00 0.00 0.00 0.00 0.33 0.00 0.10 0.26 0.00 0.17 0.00 0.36 0.00 0.42 0.00 0.00 0.29 0.00 0.00 0.34 0.05 0.00 0.23 0.23 0.00 0.28 0.04 0.00 0.00 0.08 0.05 0.00 0.00 0.30 0.00 0.26 0.00 0.00 0.18 0.00 0.00 0.36 0.00 0.29 0.00 0.04 0.00 0.25 0.20 0.00 0.00 0.01 0.16 0.11 0.00 0.00 0.34 0.08 0.00 0.00 0.53 0.00 0.00 0.03 0.07 0.00 0.14 0.00 0.49 0.00 0.29 0.00 0.19 0.20 0.00 0.21 0.00 0.00 0.16 0.12 0.00 0.07 0.00 0.46 0.00 0.00 0.04 0.34 0.00 0.00 0.02 0.31 0.00 0.00 0.15 0.28 0.00 0.00 0.42 0.00 0.00 0.08 0.00 0.12 0.00 0.40 0.05 0.00 0.29 0.00 0.00 0.42 0.03 0.03 0.00 0.00 0.18 0.00 0.27 0.00 0.47 0.06 0.00 0.34 0.00 0.00 0.00 0.14 0.01 0.00 0.15 0.13 0.03 0.00 0.36 0.00 0.00 0.11 0.03 0.19 0.00 0.00 0.49 0.00 0.00 0.08 0.00 0.12 0.09 0.05 0.00 0.26 0.03 0.00"/>
        <maxBR time="62.00" position="750.42,1492.98" value="2.96"/>
        <SGAPSpan values="0.53 0.74 0.95 1.15 1.36 1.56 1.76 1.95 2.15 2.35 2.55 2.75 2.94 3.14 3.34 3.54 3.74 3.94 4.14 4.34 4.54 4.74 4.94 5.15 5.35 5.56 5.76 5.97 6.18 6.40 6.61 6.82 7.03 7.24 7.46 7.67 7.88 8.09 8.30 8.50 8.70 8.88 9.06 9.22 9.38 9.52 9.66 9.78 9.90 10.01 10.10 10.19 10.27 10.34 10.40 10.45 10.49 10.53 10.55 10.57 10.59 10.61 10.63 10.65 10.67 10.69 10.71 10.73 10.75 10.77 10.79 10.81 10.83 10.86 10.88 10.90 10.92 10.94 10.96 10.98 11.00 11.02 11.04 11.06 11.08 11.10 11.12 11.14 11.17 11.19 11.21 11.23 11.24 11.27 11.29 11.31 11.33 11.35 11.36 11.38 11.40 11.42 11.44 11.46 11.48 11.49 11.51 11.53 11.55 11.57 11.59 11.61 11.63 11.65 11.67 11.69 11.70 11.69 11.66 11.60 11.53 11.45 11.34 11.21 11.07 10.91 10.74 10.54 10.33 10.10 9.86 9.60 9.32 9.04 8.75 8.48 8.20 7.92 7.64 7.37 7.10 6.82 6.56 6.30 6.04 5.79 5.54 5.30 5.06 4.83 4.60 4.38 4.17 3.97 3.77 3.57 3.39 3.21 3.04 2.88 2.73 2.58 2.44 2.30 2.17 2.06 1.94 1.83 1.73 1.64 1.55 1.47 1.39 1.32 1.25 1.19 1.13 1.08 1.03 0.99 0.94 0.91 0.87 0.84 0.81 0.78 0.75 0.73 0.71 0.69 0.67 0.66 0.65 0.63 0.62 0.61 0.61 0.61 0.62 0.63 0.65 0.67 0.70 0.73 0.77 0.81 0.86 0.90 0.95 1.01 1.06 1.12 1.18 1.24 1.29 1.35 1.41 1.48 1.54 1.60 1.67 1.74 1.81 1.89 1.96 NA NA NA NA NA NA NA NA NA NA NA NA 2.85 2.92 2.98 3.05 3.12 3.19 3.27 3.34 3.42 8.97 9.59 NA NA NA NA NA NA NA NA NA NA NA NA NA NA NA 0.79 1.55 NA NA NA NA NA NA NA NA NA NA NA NA NA NA NA NA NA NA NA NA NA NA NA NA NA NA NA NA NA NA NA NA NA NA NA NA NA NA NA NA NA NA NA NA NA NA NA NA NA NA NA NA NA NA NA NA NA NA NA NA NA NA NA NA NA NA NA NA NA NA NA NA NA NA NA NA NA NA NA NA NA NA NA NA NA NA NA NA NA NA NA NA NA NA NA NA NA NA NA NA NA NA NA NA NA NA NA NA NA NA NA NA NA NA NA NA NA NA NA NA NA NA NA NA NA NA NA NA NA NA NA NA NA NA NA NA NA NA NA NA NA NA NA NA NA NA NA NA NA NA NA NA NA NA NA NA NA NA NA NA NA NA NA NA NA NA NA NA NA NA NA NA NA NA NA NA NA NA NA NA NA NA NA NA NA NA NA NA NA NA NA NA NA NA NA NA NA NA NA NA NA NA NA NA NA NA NA NA NA NA NA NA NA NA NA NA NA NA NA NA NA NA NA NA NA NA NA NA NA NA NA NA NA NA NA NA NA NA NA NA NA NA NA NA NA NA NA NA NA NA NA NA NA NA NA NA NA NA NA NA NA NA NA NA NA NA NA NA"/>
        <minSGAP time="35.70" position="722.40,1415.21" value="0.53" leader="flow_15.2"/>
        <TGAPSpan values="NA 6.38 4.22 3.52 3.06 2.83 2.69 2.58 2.56 2.56 2.50 2.45 2.38 2.41 2.44 2.44 2.45 2.48 2.43 2.46 2.44 2.42 2.42 2.42 2.43 2.42 2.44 2.46 2.47 2.49 2.47 2.48 2.47 2.47 2.47 2.45 2.43 2.41 2.41 2.40 2.39 2.38 2.36 2.35 2.33 2.30 2.28 2.26 2.25 2.22 2.18 2.17 2.15 2.11 2.09 2.05 2.04 2.01 1.98 1.96 1.96 1.96 1.97 1.98 1.99 1.99 1.99 1.98 1.99 2.00 2.01 2.01 2.01 2.02 2.02 2.02 2.02 2.03 2.04 2.04 2.05 2.05 2.05 2.06 2.06 2.05 2.07 2.07 2.08 2.09 2.08 2.09 2.08 2.10 2.09 2.11 2.10 2.11 2.11 2.11 2.11 2.13 2.12 2.13 2.12 2.13 2.13 2.14 2.13 2.15 2.15 2.15 2.17 2.17 2.15 2.18 2.16 2.17 2.16 2.15 2.13 2.13 2.09 2.09 2.05 2.03 1.99 1.95 1.93 1.88 1.82 1.79 1.73 1.69 1.69 1.70 1.68 1.66 1.65 1.65 1.63 1.63 1.63 1.60 1.60 1.59 1.58 1.56 1.56 1.53 1.55 1.52 1.53 1.50 1.49 1.48 1.50 1.47 1.49 1.46 1.48 1.47 1.49 1.45 1.48 1.50 1.48 1.51 1.53 1.57 1.60 1.57 1.62 1.66 1.66 1.73 1.77 1.86 1.93 2.04 2.04 2.14 2.21 2.43 2.43 2.63 2.72 3.02 3.14 3.39 3.58 3.98 4.14 4.50 4.90 5.33 5.51 5.84 5.76 5.42 5.10 4.84 4.06 3.52 3.06 2.71 2.47 2.20 2.05 1.89 1.83 1.65 1.63 1.57 1.49 1.43 1.43 1.36 1.32 1.28 1.27 1.25 1.23 1.20 1.16 NA NA NA NA NA NA NA NA NA NA NA NA 1.03 1.02 1.00 0.99 1.00 1.01 1.01 1.00 1.00 2.56 2.65 NA NA NA NA NA NA NA NA NA NA NA NA NA NA NA 0.18 0.35 NA NA NA NA NA NA NA NA NA NA NA NA NA NA NA NA NA NA NA NA NA NA NA NA NA NA NA NA NA NA NA NA NA NA NA NA NA NA NA NA NA NA NA NA NA NA NA NA NA NA NA NA NA NA NA NA NA NA NA NA NA NA NA NA NA NA NA NA NA NA NA NA NA NA NA NA NA NA NA NA NA NA NA NA NA NA NA NA NA NA NA NA NA NA NA NA NA NA NA NA NA NA NA NA NA NA NA NA NA NA NA NA NA NA NA NA NA NA NA NA NA NA NA NA NA NA NA NA NA NA NA NA NA NA NA NA NA NA NA NA NA NA NA NA NA NA NA NA NA NA NA NA NA NA NA NA NA NA NA NA NA NA NA NA NA NA NA NA NA NA NA NA NA NA NA NA NA NA NA NA NA NA NA NA NA NA NA NA NA NA NA NA NA NA NA NA NA NA NA NA NA NA NA NA NA NA NA NA NA NA NA NA NA NA NA NA NA NA NA NA NA NA NA NA NA NA NA NA NA NA NA NA NA NA NA NA NA NA NA NA NA NA NA NA NA NA NA NA NA NA NA NA NA NA NA NA NA NA NA NA NA NA NA NA NA NA NA NA"/>
        <minTGAP time="62.00" position="750.42,1492.98" value="0.18" leader="flow_0.4"/>
    </globalMeasures>
    <globalMeasures ego="flow_15.3">
        <timeSpan values="47.70 47.80 47.90 48.00 48.10 48.20 48.30 48.40 48.50 48.60 48.70 48.80 48.90 49.00 49.10 49.20 49.30 49.40 49.50 49.60 49.70 49.80 49.90 50.00 50.10 50.20 50.30 50.40 50.50 50.60 50.70 50.80 50.90 51.00 51.10 51.20 51.30 51.40 51.50 51.60 51.70 51.80 51.90 52.00 52.10 52.20 52.30 52.40 52.50 52.60 52.70 52.80 52.90 53.00 53.10 53.20 53.30 53.40 53.50 53.60 53.70 53.80 53.90 54.00 54.10 54.20 54.30 54.40 54.50 54.60 54.70 54.80 54.90 55.00 55.10 55.20 55.30 55.40 55.50 55.60 55.70 55.80 55.90 56.00 56.10 56.20 56.30 56.40 56.50 56.60 56.70 56.80 56.90 57.00 57.10 57.20 57.30 57.40 57.50 57.60 57.70 57.80 57.90 58.00 58.10 58.20 58.30 58.40 58.50 58.60 58.70 58.80 58.90 59.00 59.10 59.20 59.30 59.40 59.50 59.60 59.70 59.80 59.90 60.00 60.10 60.20 60.30 60.40 60.50 60.60 60.70 60.80 60.90 61.00 61.10 61.20 61.30 61.40 61.50 61.60 61.70 61.80 61.90 62.00 62.10 62.20 62.30 62.40 62.50 62.60 62.70 62.80 62.90 63.00 63.10 63.20 63.30 63.40 63.50 63.60 63.70 63.80 63.90 64.00 64.10 64.20 64.30 64.40 64.50 64.60 64.70 64.80 64.90 65.00 65.10 65.20 65.30 65.40 65.50 65.60 65.70 65.80 65.90 66.00 66.10 66.20 66.30 66.40 66.50 66.60 66.70 66.80 66.90 67.00 67.10 67.20 67.30 67.40 67.50 67.60 67.70 67.80 67.90 68.00 68.10 68.20 68.30 68.40 68.50 68.60 68.70 68.80 68.90 69.00 69.10 69.20 69.30 69.40 69.50 69.60 69.70 69.80 69.90 70.00 70.10 70.20 70.30 70.40 70.50 70.60 70.70 70.80 70.90 71.00 71.10 71.20 71.30 71.40 71.50 71.60 71.70 71.80 71.90 72.00 72.10 72.20 72.30 72.40 72.50 72.60 72.70 72.80 72.90 73.00 73.10 73.20 73.30 73.40 73.50 73.60 73.70 73.80 73.90 74.00 74.10 74.20 74.30 74.40 74.50 74.60 74.70 74.80 74.90 75.00 75.10 75.20 75.30 75.40 75.50 75.60 75.70 75.80 75.90 76.00 76.10 76.20 76.30 76.40 76.50 76.60 76.70 76.80 76.90 77.00 77.10 77.20 77.30 77.40 77.50 77.60 77.70 77.80 77.90 78.00 78.10 78.20 78.30 78.40 78.50 78.60 78.70 78.80 78.90 79.00 79.10 79.20 79.30 79.40 79.50 79.60 79.70 79.80 79.90 80.00 80.10 80.20 80.30 80.40 80.50 80.60 80.70 80.80 80.90 81.00 81.10 81.20 81.30 81.40 81.50 81.60 81.70 81.80 81.90 82.00 82.10 82.20 82.30 82.40 82.50 82.60 82.70 82.80 82.90 83.00 83.10 83.20 83.30 83.40 83.50 83.60 83.70 83.80 83.90 84.00 84.10 84.20 84.30 84.40 84.50 84.60 84.70 84.80 84.90 85.00 85.10 85.20 85.30 85.40 85.50 85.60 85.70 85.80 85.90 86.00 86.10 86.20 86.30 86.40 86.50 86.60 86.70 86.80 86.90 87.00 87.10 87.20 87.30 87.40 87.50 87.60 87.70 87.80 87.90 88.00 88.10 88.20 88.30 88.40 88.50 88.60 88.70 88.80 88.90 89.00 89.10 89.20 89.30 89.40 89.50 89.60 89.70 89.80 89.90 90.00 90.10 90.20 90.30 90.40 90.50 90.60 90.70 90.80 90.90 91.00 91.10 91.20 91.30 91.40 91.50 91.60 91.70 91.80 91.90 92.00 92.10 92.20 92.30 92.40 92.50 92.60 92.70 92.80 92.90 93.00 93.10 93.20 93.30 93.40 93.50 93.60 93.70 93.80 93.90 94.00 94.10 94.20 94.30 94.40 94.50 94.60 94.70 94.80 94.90 95.00 95.10 95.20 95.30 95.40 95.50 95.60 95.70 95.80 95.90 96.00 96.10 96.20 96.30 96.40 96.50 96.60 96.70 96.80 96.90 97.00 97.10 97.20"/>
        <BRSpan values="0.00 0.00 0.00 0.00 0.00 0.00 0.00 0.00 0.00 0.00 0.00 0.00 0.00 0.00 0.00 0.00 0.00 0.00 0.00 0.00 0.00 0.00 0.00 0.00 0.00 0.00 0.00 0.00 0.00 0.00 0.00 0.00 0.00 0.00 0.00 0.00 0.00 0.00 0.00 0.00 0.00 0.00 0.00 0.00 0.00 0.00 0.00 0.00 0.00 0.47 0.00 0.30 0.00 0.00 0.06 0.34 0.00 0.27 0.16 0.00 0.00 0.17 0.00 0.31 0.00 0.00 0.13 0.29 0.00 0.21 0.01 0.00 0.11 0.07 0.12 0.00 0.38 0.00 0.00 0.48 0.00 0.39 0.00 0.12 0.12 0.21 0.00 0.05 0.00 0.46 0.00 0.08 0.00 0.08 0.00 0.17 0.11 0.00 0.00 0.51 0.00 0.00 0.49 0.00 0.24 0.00 0.56 0.00 0.00 0.02 0.00 0.00 0.00 0.46 0.00 0.19 0.00 0.26 0.00 0.03 0.00 0.40 0.00 0.00 0.23 0.07 0.00 0.35 0.00 0.00 0.51 0.00 0.09 0.00 0.08 0.02 0.00 0.11 0.31 0.00 0.00 0.33 0.09 0.00 0.02 0.34 0.00 0.33 0.00 0.00 0.40 0.00 0.45 0.00 0.05 0.00 0.47 0.00 0.07 0.00 0.15 0.07 0.05 0.00 0.32 0.00 0.00 0.05 0.08 0.00 0.21 0.00 0.05 0.00 0.07 0.25 0.00 0.24 0.15 0.00 0.00 0.00 0.00 0.31 0.09 0.00 0.00 0.00 0.01 0.35 0.00 0.00 0.00 0.43 0.00 0.15 0.00 0.00 0.32 0.00 0.00 0.00 0.00 0.06 0.00 0.41 0.00 0.36 0.14 0.00 0.00 0.08 0.39 0.00 0.23 0.00 0.00 0.22 0.00 0.00 0.00 0.00 0.01 0.00 0.41 0.00 0.51 0.00 0.00 0.14 0.00 0.19 0.00 0.04 0.00 0.00 0.44 0.00 0.38 0.00 0.06 0.00 0.36 0.00 0.37 0.00 0.23 0.00 0.58 0.00 0.00 0.00 0.00 0.09 0.18 0.00 0.20 0.00 0.26 0.00 0.00 0.00 0.40 0.00 0.00 0.11 0.23 0.00 0.04 0.32 0.00 0.10 0.00 0.00 0.37 0.05 0.00 0.17 0.00 0.00 0.00 0.31 0.00 0.14 0.00 0.00 0.00 0.25 0.00 0.00 0.00 0.47 0.00 0.00 0.54 0.00 0.56 0.00 0.05 0.00 0.24 0.00 0.03 0.00 0.00 0.32 0.00 0.00 0.06 0.00 0.19 0.00 0.00 0.47 0.00 0.19 0.00 0.00 0.00 0.20 0.23 0.00 0.00 0.25 0.00 0.00 0.30 0.03 0.00 0.00 0.10 0.00 0.00 0.00 0.11 0.00 0.00 0.06 0.17 0.21 0.00 0.00 0.45 0.05 0.00 0.33 0.07 0.03 0.00 0.02 0.00 0.21 0.00 0.49 0.00 0.27 0.00 0.06 0.00 0.15 0.00 0.52 0.00 0.00 0.45 0.00 0.19 0.00 0.12 0.00 0.07 0.00 0.29 0.00 0.07 0.00 0.24 0.00 0.00 0.06 0.00 0.07 0.04 0.00 0.09 0.00 0.32 0.00 0.00 0.14 0.00 0.17 0.09 0.00 0.22 0.00 0.17 0.32 0.00 0.00 0.19 0.00 0.00 0.13 0.00 0.40 0.00 0.04 0.00 0.26 0.00 0.21 0.00 0.21 0.07 0.00 0.13 0.05 0.05 0.01 0.00 0.13 0.00 0.37 0.00 0.00 0.16 0.07 0.13 0.00 0.14 0.00 0.31 0.00 0.00 0.00 0.27 0.10 0.00 0.26 0.00 0.16 0.23 0.00 0.10 0.00 0.06 0.22 0.00 0.00 0.15 0.01 0.01 0.06 0.00 0.00 0.36 0.00 0.00 0.00 0.12 0.06 0.00 0.02 0.37 0.00 0.53 0.00 0.00 0.00 0.00 0.27 0.00 0.00 0.36 0.00 0.00 0.00 0.37 0.00 0.00 0.18 0.23 0.08 0.00 0.39 0.00 0.17 0.36 0.00 0.28 0.08 0.15 0.00 0.00 0.12"/>
        <maxBR time="72.50" position="760.58,1510.28" value="0.58"/>
        <SGAPSpan values="47.18 47.70 48.22 48.73 49.22 49.71 50.18 50.65 51.10 51.54 51.97 52.40 52.81 53.22 53.59 53.94 54.27 54.57 54.85 55.11 55.34 55.55 55.73 55.89 56.03 56.15 56.24 56.31 56.36 56.38 56.38 56.36 56.32 56.26 56.18 56.08 55.96 55.81 55.64 55.46 55.25 55.03 54.79 54.52 54.24 53.94 53.63 53.29 52.95 52.60 52.24 51.88 51.51 51.13 50.75 50.36 49.97 49.57 49.17 48.76 48.35 47.94 47.53 47.11 46.69 46.26 45.83 45.40 44.97 44.54 44.10 43.66 43.22 42.78 42.34 41.89 41.45 41.00 40.56 40.12 39.67 39.23 38.79 38.35 37.92 37.50 37.08 36.66 36.25 35.85 35.45 35.07 34.68 34.30 33.93 33.57 33.21 32.86 32.52 32.19 31.87 31.55 31.25 30.95 30.66 30.38 30.11 29.85 29.60 29.35 29.12 28.89 28.68 28.47 28.27 28.08 27.90 27.73 27.56 27.40 27.25 NA NA NA NA NA NA NA NA NA NA NA NA NA NA NA NA NA NA NA NA NA NA NA NA NA NA NA NA NA NA NA NA NA NA NA NA NA NA NA NA NA NA NA NA NA NA NA NA NA NA NA NA NA NA NA NA NA NA NA NA NA NA NA NA NA NA NA NA NA NA NA NA NA NA NA NA NA NA NA NA NA NA NA NA NA NA NA NA NA NA NA NA NA NA NA NA NA NA NA NA NA NA NA NA NA NA NA NA NA NA NA NA NA NA NA 37.04 37.10 37.16 37.23 37.29 37.35 37.41 37.47 37.53 37.59 37.65 37.71 37.78 37.84 37.90 37.96 38.02 38.08 38.14 38.20 38.26 38.33 38.39 38.45 38.51 38.57 38.63 38.69 38.75 38.81 38.88 38.93 38.99 39.06 39.12 39.18 39.25 39.31 39.37 39.43 39.49 39.55 39.62 39.68 39.73 39.80 39.86 39.92 39.99 40.05 40.11 40.17 40.23 40.29 40.35 40.41 40.47 40.53 40.59 40.65 40.72 40.78 40.84 40.90 40.97 41.03 41.09 NA NA NA NA NA NA NA NA NA NA NA NA NA NA NA NA NA NA NA NA NA NA NA NA NA NA NA NA NA NA NA NA NA NA NA NA NA NA NA NA NA NA NA NA NA NA NA NA NA NA NA NA NA NA NA NA NA NA NA NA NA NA NA NA NA NA NA NA NA NA NA NA NA NA NA NA NA NA NA NA NA NA NA NA NA NA NA NA NA NA NA NA NA NA NA NA NA NA NA NA NA NA NA NA NA NA NA NA NA NA NA NA NA NA NA NA NA NA NA NA NA NA NA NA NA NA NA NA NA NA NA NA NA NA NA NA NA NA NA NA NA NA NA NA NA NA NA NA NA NA NA NA NA NA NA NA NA NA NA NA NA NA NA NA NA NA NA NA NA NA NA NA NA NA NA NA NA NA NA NA NA NA NA NA NA NA NA NA NA NA NA NA NA"/>
        <minSGAP time="59.70" position="738.71,1456.57" value="27.25" leader="flow_16.2"/>
        <TGAPSpan values="NA 408.05 211.23 146.76 112.58 91.50 76.30 65.56 59.06 53.49 49.14 46.19 43.40 40.24 37.70 34.99 33.20 31.94 30.17 28.61 27.67 26.41 25.28 24.17 23.54 22.67 21.70 20.77 20.10 19.51 18.91 18.46 17.97 17.45 16.92 16.37 15.87 15.32 14.91 14.59 14.18 13.83 13.43 13.00 12.61 12.34 12.01 11.66 11.57 11.61 11.45 11.45 11.30 11.16 11.10 11.09 10.90 10.88 10.83 10.72 10.60 10.55 10.42 10.40 10.27 10.12 10.05 10.02 9.88 9.83 9.73 9.55 9.48 9.39 9.32 9.16 9.14 8.97 8.86 8.85 8.65 8.63 8.48 8.41 8.33 8.28 8.08 8.00 7.91 7.90 7.80 7.73 7.57 7.50 7.40 7.35 7.29 7.18 7.10 7.11 7.02 6.88 6.89 6.76 6.73 6.62 6.65 6.53 6.48 6.43 6.36 6.31 6.26 6.28 6.20 6.18 6.13 6.12 6.07 6.04 5.96 NA NA NA NA NA NA NA NA NA NA NA NA NA NA NA NA NA NA NA NA NA NA NA NA NA NA NA NA NA NA NA NA NA NA NA NA NA NA NA NA NA NA NA NA NA NA NA NA NA NA NA NA NA NA NA NA NA NA NA NA NA NA NA NA NA NA NA NA NA NA NA NA NA NA NA NA NA NA NA NA NA NA NA NA NA NA NA NA NA NA NA NA NA NA NA NA NA NA NA NA NA NA NA NA NA NA NA NA NA NA NA NA NA NA NA 8.16 8.12 8.20 8.20 8.22 8.18 8.26 8.20 8.28 8.26 8.32 8.22 8.34 8.33 8.31 8.31 8.30 8.33 8.38 8.39 8.44 8.41 8.48 8.46 8.47 8.41 8.50 8.49 8.46 8.49 8.55 8.50 8.52 8.60 8.61 8.64 8.61 8.59 8.67 8.69 8.64 8.69 8.68 8.69 8.69 8.77 8.76 8.80 8.81 8.80 8.76 8.82 8.83 8.82 8.81 8.91 8.85 8.84 8.96 8.87 8.99 9.00 9.02 8.98 9.05 9.04 9.06 NA NA NA NA NA NA NA NA NA NA NA NA NA NA NA NA NA NA NA NA NA NA NA NA NA NA NA NA NA NA NA NA NA NA NA NA NA NA NA NA NA NA NA NA NA NA NA NA NA NA NA NA NA NA NA NA NA NA NA NA NA NA NA NA NA NA NA NA NA NA NA NA NA NA NA NA NA NA NA NA NA NA NA NA NA NA NA NA NA NA NA NA NA NA NA NA NA NA NA NA NA NA NA NA NA NA NA NA NA NA NA NA NA NA NA NA NA NA NA NA NA NA NA NA NA NA NA NA NA NA NA NA NA NA NA NA NA NA NA NA NA NA NA NA NA NA NA NA NA NA NA NA NA NA NA NA NA NA NA NA NA NA NA NA NA NA NA NA NA NA NA NA NA NA NA NA NA NA NA NA NA NA NA NA NA NA NA NA NA NA NA NA NA"/>
        <minTGAP time="59.70" position="738.71,1456.57" value="5.96" leader="flow_16.2"/>
    </globalMeasures>
    <globalMeasures ego="flow_14.0">
        <timeSpan values="56.10 56.20 56.30 56.40 56.50 56.60 56.70 56.80 56.90 57.00 57.10 57.20 57.30 57.40 57.50 57.60 57.70 57.80 57.90 58.00 58.10 58.20 58.30 58.40 58.50 58.60 58.70 58.80 58.90 59.00 59.10 59.20 59.30 59.40 59.50 59.60 59.70 59.80 59.90 60.00 60.10 60.20 60.30 60.40 60.50 60.60 60.70 60.80 60.90 61.00 61.10 61.20 61.30 61.40 61.50 61.60 61.70 61.80 61.90 62.00 62.10 62.20 62.30 62.40 62.50 62.60 62.70 62.80 62.90 63.00 63.10 63.20 63.30 63.40 63.50 63.60 63.70 63.80 63.90 64.00 64.10 64.20 64.30 64.40 64.50 64.60 64.70 64.80 64.90 65.00 65.10 65.20 65.30 65.40 65.50 65.60 65.70 65.80 65.90 66.00 66.10 66.20 66.30 66.40 66.50 66.60 66.70 66.80 66.90 67.00 67.10 67.20 67.30 67.40 67.50 67.60 67.70 67.80 67.90 68.00 68.10 68.20 68.30 68.40 68.50 68.60 68.70 68.80 68.90 69.00 69.10 69.20 69.30 69.40 69.50 69.60 69.70 69.80 69.90 70.00 70.10 70.20 70.30 70.40 70.50 70.60 70.70 70.80 70.90 71.00 71.10 71.20 71.30 71.40 71.50 71.60 71.70 71.80 71.90 72.00 72.10 72.20 72.30 72.40 72.50 72.60 72.70 72.80 72.90 73.00 73.10 73.20 73.30 73.40 73.50 73.60 73.70 73.80 73.90 74.00 74.10 74.20 74.30 74.40 74.50 74.60 74.70 74.80 74.90 75.00 75.10 75.20 75.30 75.40 75.50 75.60 75.70 75.80 75.90 76.00 76.10 76.20 76.30 76.40 76.50 76.60 76.70 76.80 76.90 77.00 77.10 77.20 77.30 77.40 77.50 77.60 77.70 77.80 77.90 78.00 78.10 78.20 78.30 78.40 78.50 78.60 78.70 78.80 78.90 79.00 79.10 79.20 79.30 79.40 79.50 79.60 79.70 79.80 79.90 80.00 80.10 80.20 80.30 80.40 80.50 80.60 80.70 80.80 80.90 81.00 81.10 81.20 81.30 81.40 81.50 81.60 81.70 81.80 81.90 82.00 82.10 82.20 82.30 82.40 82.50 82.60 82.70 82.80 82.90 83.00 83.10 83.20 83.30 83.40 83.50 83.60 83.70 83.80 83.90 84.00 84.10 84.20 84.30 84.40 84.50 84.60 84.70 84.80 84.90 85.00 85.10 85.20 85.30 85.40 85.50 85.60 85.70 85.80 85.90 86.00 86.10 86.20 86.30 86.40 86.50 86.60 86.70 86.80 86.90 87.00 87.10 87.20 87.30 87.40 87.50 87.60 87.70 87.80 87.90 88.00 88.10 88.20 88.30 88.40 88.50 88.60 88.70 88.80 88.90 89.00 89.10 89.20 89.30 89.40 89.50 89.60 89.70 89.80 89.90 90.00 90.10 90.20 90.30 90.40 90.50 90.60 90.70 90.80 90.90 91.00 91.10 91.20 91.30 91.40 91.50 91.60 91.70 91.80 91.90 92.00 92.10 92.20 92.30 92.40 92.50 92.60 92.70 92.80 92.90 93.00 93.10 93.20 93.30 93.40 93.50 93.60 93.70 93.80 93.90 94.00 94.10 94.20 94.30 94.40 94.50 94.60 94.70 94.80 94.90 95.00 95.10 95.20 95.30 95.40 95.50 95.60 95.70 95.80 95.90 96.00 96.10 96.20 96.30 96.40 96.50 96.60 96.70 96.80 96.90 97.00 97.10 97.20 97.30 97.40 97.50 97.60 97.70 97.80 97.90 98.00 98.10 98.20 98.30 98.40 98.50 98.60 98.70 98.80 98.90 99.00 99.10 99.20 99.30 99.40 99.50 99.60 99.70 99.80 99.90 100.00 100.10 100.20 100.30 100.40 100.50 100.60 100.70 100.80 100.90 101.00 101.10 101.20 101.30 101.40 101.50 101.60 101.70 101.80 101.90 102.00 102.10 102.20 102.30 102.40 102.50 102.60 102.70 102.80 102.90 103.00 103.10 103.20 103.30 103.40 103.50 103.60 103.70 103.80 103.90 104.00 104.10 104.20 104.30 104.40 104.50 104.60 104.70 104.80 104.90 105.00 105.10 105.20 105.30 105.40 105.50 105.60 105.70 105.80 105.90 106.00 106.10 106.20 106.30 106.40 106.50"/>
        <BRSpan values="0.00 0.00 0.00 0.00 0.00 0.00 0.00 0.00 0.00 0.00 0.00 0.00 0.00 0.00 0.00 0.00 0.00 0.00 0.00 0.00 0.00 0.00 0.00 0.00 0.00 0.00 0.00 0.00 0.00 0.00 0.00 0.00 0.00 0.00 0.00 0.00 0.00 0.00 0.00 0.00 0.00 0.00 0.00 0.00 0.00 0.00 0.00 0.00 0.00 0.00 0.00 0.00 0.00 0.00 0.00 0.00 0.00 0.00 0.00 0.24 0.00 0.19 0.00 0.31 0.00 0.00 0.00 0.00 0.43 0.14 0.00 0.00 0.00 0.15 0.00 0.27 0.06 0.00 0.00 0.04 0.11 0.15 0.00 0.21 0.00 0.44 0.00 0.25 0.00 0.00 0.02 0.00 0.13 0.00 0.19 0.00 0.04 0.31 0.00 0.00 0.44 0.00 0.18 0.00 0.19 0.00 0.00 0.02 0.25 0.00 0.17 0.05 0.03 0.00 0.46 0.00 0.00 0.00 0.13 0.00 0.43 0.00 0.00 0.28 0.00 0.32 0.06 0.00 0.31 0.00 0.06 0.00 0.00 0.50 0.00 0.00 0.22 0.26 0.00 0.00 0.00 0.37 0.00 0.01 0.00 0.19 0.15 0.00 0.27 0.00 0.14 0.00 0.08 0.00 0.00 0.16 0.00 0.00 0.00 0.00 0.00 0.55 0.00 0.00 0.50 0.00 0.00 0.43 0.00 0.00 0.11 0.20 0.22 0.00 0.45 0.03 0.00 0.19 0.00 0.38 0.00 0.27 0.00 0.00 0.47 0.00 0.09 0.08 0.09 0.12 0.00 0.11 0.19 0.12 0.00 0.00 0.00 0.00 0.47 0.00 0.00 0.32 0.00 0.00 0.00 0.07 0.00 0.46 0.00 0.00 0.49 0.00 0.00 0.40 0.05 0.00 0.00 0.06 0.05 0.03 0.11 0.27 0.00 0.00 0.10 0.18 0.00 0.56 0.00 0.35 0.08 0.00 0.47 0.00 0.14 0.00 0.01 0.49 0.00 0.00 0.11 0.19 0.00 0.00 0.00 0.27 0.08 0.00 0.00 0.24 0.00 0.11 0.02 0.00 0.35 0.00 0.11 0.00 0.00 0.31 0.00 0.12 0.00 0.00 0.47 0.00 0.00 0.11 0.00 0.02 0.20 0.00 0.21 0.00 0.00 0.01 0.43 0.00 0.04 0.16 0.00 0.40 0.00 0.07 0.00 0.27 0.00 0.00 0.38 0.00 0.32 0.00 0.26 0.12 0.00 0.23 0.14 0.00 0.00 0.18 0.00 0.22 0.10 0.12 0.00 0.27 0.00 0.02 0.14 0.00 0.00 0.47 0.06 0.00 0.01 0.29 0.00 0.00 0.00 0.01 0.00 0.06 0.11 0.26 0.02 0.07 0.00 0.00 0.33 0.00 0.03 0.00 0.00 0.00 0.45 0.00 0.00 0.00 0.28 0.08 0.11 0.00 0.57 0.00 0.14 0.00 0.44 0.00 0.12 0.06 0.21 0.00 0.36 0.10 0.00 0.05 0.16 0.00 0.00 0.02 0.22 0.00 0.00 0.30 0.28 0.00 0.00 0.53 0.00 0.14 0.00 0.00 0.37 0.00 0.38 0.00 0.12 0.00 0.00 0.04 0.00 0.00 0.07 0.38 0.00 0.00 0.09 0.00 0.00 0.18 0.00 0.00 0.38 0.00 0.13 0.00 0.19 0.05 0.00 0.56 0.00 0.11 0.03 0.26 0.00 0.19 0.18 0.00 0.40 0.00 0.00 0.22 0.00 0.00 0.36 0.00 0.44 0.00 0.22 0.00 0.00 0.12 0.00 0.28 0.00 0.12 0.21 0.19 0.00 0.16 0.00 0.00 0.00 0.00 0.28 0.16 0.00 0.00 0.02 0.00 0.00 0.07 0.21 0.23 0.01 0.00 0.00 0.00 0.00 0.04 0.00 0.28 0.01 0.00 0.15 0.01 0.18 0.04 0.00 0.00 0.29 0.06 0.00 0.00 0.00 0.34 0.00 0.27 0.00 0.00 0.00 0.49 0.00 0.13 0.00 0.00 0.00 0.24 0.03 0.00 0.24 0.12 0.04 0.00 0.00 0.52 0.00 0.00 0.00 0.30 0.05 0.00 0.26 0.00 0.31 0.00 0.14 0.00 0.20 0.00 0.31 0.00 0.32 0.11 0.00"/>
        <maxBR time="90.30" position="699.11,1519.35" value="0.57"/>
        <SGAPSpan values="NA NA NA NA NA NA NA NA NA NA NA NA NA NA NA NA NA NA NA NA NA NA NA NA NA NA NA NA NA NA NA NA NA NA NA NA NA NA NA NA NA NA NA NA NA NA NA NA NA NA NA NA NA NA NA NA NA NA NA NA NA NA NA NA NA NA NA NA NA NA NA NA NA NA NA NA NA NA NA NA NA NA NA NA NA NA NA NA NA NA NA NA NA NA NA NA NA NA NA NA NA NA NA NA NA NA NA NA NA NA NA NA NA NA NA NA NA NA NA NA NA NA NA NA NA NA NA NA NA NA NA NA NA NA NA NA NA NA NA NA NA NA NA NA NA NA NA NA NA NA NA NA NA NA NA NA NA NA NA NA NA NA NA NA NA NA NA NA NA NA NA NA NA NA NA NA NA NA NA NA NA NA NA NA NA NA NA NA NA NA NA NA NA NA NA NA NA NA NA NA NA NA NA NA NA NA NA NA NA NA NA NA NA NA NA NA NA NA NA NA NA NA NA NA NA NA NA NA NA NA NA NA NA NA NA NA NA NA NA NA NA NA NA NA NA NA NA NA NA NA NA NA NA NA NA NA NA NA NA NA NA NA NA NA NA NA NA NA NA NA NA NA NA NA NA NA NA NA NA NA NA NA NA NA NA NA NA NA NA NA NA NA NA NA NA NA NA NA NA NA NA NA NA NA NA NA NA NA NA NA NA NA NA NA NA NA NA NA NA NA NA NA NA NA NA NA NA NA NA NA NA NA NA NA NA NA NA NA NA NA NA NA NA NA NA NA NA NA NA NA NA NA NA NA NA NA NA NA NA NA NA NA NA NA NA NA NA NA NA NA NA NA NA NA NA NA NA NA NA NA NA NA NA NA NA NA NA NA NA NA NA NA NA NA NA NA NA NA NA NA NA NA NA NA NA NA NA NA NA NA NA NA NA NA NA NA NA NA NA NA NA NA NA NA NA NA NA NA NA NA NA NA NA NA NA NA NA NA NA NA NA NA NA NA NA NA NA NA NA NA NA NA NA NA NA NA NA NA NA NA NA NA NA NA NA NA NA NA NA NA NA NA NA NA NA NA NA NA NA NA NA NA NA NA NA NA NA NA NA NA NA NA NA NA NA NA NA NA NA NA NA NA NA NA NA"/>
        <TGAPSpan values="NA NA NA NA NA NA NA NA NA NA NA NA NA NA NA NA NA NA NA NA NA NA NA NA NA NA NA NA NA NA NA NA NA NA NA NA NA NA NA NA NA NA NA NA NA NA NA NA NA NA NA NA NA NA NA NA NA NA NA NA NA NA NA NA NA NA NA NA NA NA NA NA NA NA NA NA NA NA NA NA NA NA NA NA NA NA NA NA NA NA NA NA NA NA NA NA NA NA NA NA NA NA NA NA NA NA NA NA NA NA NA NA NA NA NA NA NA NA NA NA NA NA NA NA NA NA NA NA NA NA NA NA NA NA NA NA NA NA NA NA NA NA NA NA NA NA NA NA NA NA NA NA NA NA NA NA NA NA NA NA NA NA NA NA NA NA NA NA NA NA NA NA NA NA NA NA NA NA NA NA NA NA NA NA NA NA NA NA NA NA NA NA NA NA NA NA NA NA NA NA NA NA NA NA NA NA NA NA NA NA NA NA NA NA NA NA NA NA NA NA NA NA NA NA NA NA NA NA NA NA NA NA NA NA NA NA NA NA NA NA NA NA NA NA NA NA NA NA NA NA NA NA NA NA NA NA NA NA NA NA NA NA NA NA NA NA NA NA NA NA NA NA NA NA NA NA NA NA NA NA NA NA NA NA NA NA NA NA NA NA NA NA NA NA NA NA NA NA NA NA NA NA NA NA NA NA NA NA NA NA NA NA NA NA NA NA NA NA NA NA NA NA NA NA NA NA NA NA NA NA NA NA NA NA NA NA NA NA NA NA NA NA NA NA NA NA NA NA NA NA NA NA NA NA NA NA NA NA NA NA NA NA NA NA NA NA NA NA NA NA NA NA NA NA NA NA NA NA NA NA NA NA NA NA NA NA NA NA NA NA NA NA NA NA NA NA NA NA NA NA NA NA NA NA NA NA NA NA NA NA NA NA NA NA NA NA NA NA NA NA NA NA NA NA NA NA NA NA NA NA NA NA NA NA NA NA NA NA NA NA NA NA NA NA NA NA NA NA NA NA NA NA NA NA NA NA NA NA NA NA NA NA NA NA NA NA NA NA NA NA NA NA NA NA NA NA NA NA NA NA NA NA NA NA NA NA NA NA NA NA NA NA NA NA NA NA NA NA NA NA NA NA NA NA NA"/>
    </globalMeasures>
    <globalMeasures ego="flow_12.0">
        <timeSpan values="73.10 73.20 73.30 73.40 73.50 73.60 73.70 73.80 73.90 74.00 74.10 74.20 74.30 74.40 74.50 74.60 74.70 74.80 74.90 75.00 75.10 75.20 75.30 75.40 75.50 75.60 75.70 75.80 75.90 76.00 76.10 76.20 76.30 76.40 76.50 76.60 76.70 76.80 76.90 77.00 77.10 77.20 77.30 77.40 77.50 77.60 77.70 77.80 77.90 78.00 78.10 78.20 78.30 78.40 78.50 78.60 78.70 78.80 78.90 79.00 79.10 79.20 79.30 79.40 79.50 79.60 79.70 79.80 79.90 80.00 80.10 80.20 80.30 80.40 80.50 80.60 80.70 80.80 80.90 81.00 81.10 81.20 81.30 81.40 81.50 81.60 81.70 81.80 81.90 82.00 82.10 82.20 82.30 82.40 82.50 82.60 82.70 82.80 82.90 83.00 83.10 83.20 83.30 83.40 83.50 83.60 83.70 83.80 83.90 84.00 84.10 84.20 84.30 84.40 84.50 84.60 84.70 84.80 84.90 85.00 85.10 85.20 85.30 85.40 85.50 85.60 85.70 85.80 85.90 86.00 86.10 86.20 86.30 86.40 86.50 86.60 86.70 86.80 86.90 87.00 87.10 87.20 87.30 87.40 87.50 87.60 87.70 87.80 87.90 88.00 88.10 88.20 88.30 88.40 88.50 88.60 88.70 88.80 88.90 89.00 89.10 89.20 89.30 89.40 89.50 89.60 89.70 89.80 89.90 90.00 90.10 90.20 90.30 90.40 90.50 90.60 90.70 90.80 90.90 91.00 91.10 91.20 91.30 91.40 91.50 91.60 91.70 91.80 91.90 92.00 92.10 92.20 92.30 92.40 92.50 92.60 92.70 92.80 92.90 93.00 93.10 93.20 93.30 93.40 93.50 93.60 93.70 93.80 93.90 94.00 94.10 94.20 94.30 94.40 94.50 94.60 94.70 94.80 94.90 95.00 95.10 95.20 95.30 95.40 95.50 95.60 95.70 95.80 95.90 96.00 96.10 96.20 96.30 96.40 96.50 96.60 96.70 96.80 96.90 97.00 97.10 97.20 97.30 97.40 97.50 97.60 97.70 97.80 97.90 98.00 98.10 98.20 98.30 98.40 98.50 98.60 98.70 98.80 98.90 99.00 99.10 99.20 99.30 99.40 99.50 99.60 99.70 99.80 99.90 100.00 100.10 100.20 100.30 100.40 100.50 100.60 100.70 100.80 100.90 101.00 101.10 101.20 101.30 101.40 101.50 101.60 101.70 101.80 101.90 102.00 102.10 102.20 102.30 102.40 102.50 102.60 102.70 102.80 102.90 103.00 103.10 103.20 103.30 103.40 103.50 103.60 103.70 103.80 103.90 104.00 104.10 104.20 104.30 104.40 104.50 104.60 104.70 104.80 104.90 105.00 105.10 105.20 105.30 105.40 105.50 105.60 105.70 105.80 105.90 106.00 106.10 106.20 106.30 106.40 106.50 106.60 106.70 106.80 106.90 107.00 107.10 107.20 107.30 107.40 107.50 107.60 107.70 107.80 107.90 108.00 108.10 108.20 108.30 108.40 108.50 108.60 108.70 108.80 108.90 109.00"/>
        <BRSpan values="0.00 0.00 0.00 0.00 0.00 0.00 0.00 0.00 0.00 0.00 0.00 0.00 0.00 0.00 0.00 0.00 0.00 0.00 0.00 0.00 0.00 0.00 0.00 0.00 0.00 0.00 0.00 0.00 0.00 0.00 0.00 0.00 0.00 0.00 0.00 0.00 0.00 0.00 0.00 0.00 0.00 0.00 0.00 0.00 0.00 0.00 0.00 0.00 0.00 0.00 0.00 0.00 0.00 0.00 0.00 0.00 0.00 0.00 0.00 0.00 0.00 0.00 0.00 0.00 0.00 0.00 0.00 0.00 0.00 0.00 0.00 0.00 0.00 0.00 0.00 0.01 0.40 0.00 0.11 0.16 0.00 0.00 0.44 0.00 0.35 0.00 0.00 0.28 0.00 0.16 0.00 0.21 0.23 0.00 0.12 0.00 0.21 0.08 0.00 0.22 0.26 0.00 0.00 0.00 0.00 0.16 0.00 0.07 0.00 0.02 0.13 0.00 0.31 0.00 0.15 0.00 0.17 0.00 0.08 0.00 0.08 0.22 0.00 0.04 0.00 0.00 0.00 0.05 0.14 0.00 0.05 0.19 0.00 0.09 0.37 0.00 0.00 0.00 0.05 0.23 0.08 0.00 0.10 0.09 0.00 0.03 0.09 0.00 0.10 0.31 0.00 0.17 0.00 0.09 0.32 0.00 0.00 0.37 0.00 0.00 0.14 0.00 0.24 0.00 0.00 0.48 0.06 0.00 0.22 0.00 1.66 3.00 2.70 3.00 3.00 3.00 3.00 3.00 3.00 3.00 3.00 3.00 3.00 3.00 3.00 3.00 3.00 3.00 3.00 2.73 3.00 2.95 0.99 0.00 0.00 0.00 0.00 0.00 0.00 0.00 0.00 0.00 0.00 0.00 0.00 0.00 0.00 0.00 0.00 0.00 0.00 0.00 0.00 0.00 0.00 0.00 0.00 0.00 0.00 0.00 0.00 0.00 0.00 0.00 0.00 0.00 0.00 0.00 0.00 0.00 0.00 0.00 0.00 0.00 0.00 0.00 0.00 0.00 0.00 0.00 0.00 0.00 0.00 0.00 0.00 0.00 0.00 0.00 0.00 0.00 0.00 0.00 0.00 0.00 0.00 0.00 0.00 0.00 0.00 0.00 0.00 0.00 0.00 0.00 0.00 0.00 0.00 0.00 0.00 0.00 0.00 0.00 0.00 0.00 0.00 0.00 0.00 0.00 0.00 0.00 0.00 0.00 0.00 0.00 0.00 0.00 0.00 0.00 0.00 0.00 0.00 0.00 0.00 0.00 0.00 0.00 0.00 0.00 0.00 0.00 0.00 0.00 0.00 0.00 0.00 0.00 0.00 0.00 0.00 0.00 0.00 0.00 0.00 0.00 0.00 0.00 0.00 0.00 0.00 0.00 0.00 0.00 0.00 0.00 0.00 0.00 0.00 0.00 0.00 0.00 0.00 0.00 0.00 0.00 0.00 0.00 0.00 0.00 0.00 0.00 0.00 0.00 0.00 0.00 0.00 0.00 0.00 0.00 0.00 0.00 0.00 0.00 0.00 0.00 0.00 0.00 0.00 0.00 0.00 0.00"/>
        <maxBR time="91.60" position="765.12,1494.13" value="3.00"/>
        <SGAPSpan values="72.61 73.12 73.62 74.12 74.59 75.06 75.52 75.97 76.41 76.84 77.27 77.68 78.09 78.49 78.88 79.26 79.63 79.99 80.34 80.67 81.01 81.33 81.64 81.95 82.24 82.53 82.81 83.09 83.35 83.60 83.84 84.08 84.31 84.53 84.75 84.95 85.15 85.33 85.51 85.68 NA NA NA NA NA NA NA NA NA NA NA NA NA NA NA NA NA NA NA NA NA NA NA NA NA NA NA NA NA NA NA NA NA NA NA NA NA NA NA NA NA NA NA NA NA NA NA NA NA NA NA NA NA NA NA NA NA NA NA NA NA NA NA NA NA NA NA NA NA NA NA NA NA NA NA NA NA NA NA NA NA NA NA NA NA NA NA NA NA NA NA NA NA NA NA NA NA NA NA NA NA NA NA NA NA NA NA NA NA NA NA NA NA NA NA NA NA NA NA NA NA NA NA NA NA NA NA NA NA NA NA NA NA NA NA NA NA NA NA NA NA NA NA NA NA NA NA NA NA NA NA NA NA NA NA NA NA NA NA NA NA NA NA NA NA NA NA NA NA NA NA NA NA NA NA NA NA NA NA NA NA NA NA NA NA NA NA NA NA NA NA NA NA NA NA NA NA NA NA NA NA NA NA NA NA NA NA NA NA NA NA NA NA NA NA NA NA NA NA NA NA NA NA NA NA NA NA NA NA NA NA NA NA NA NA NA NA NA NA NA NA NA NA NA NA NA NA NA NA NA NA NA NA NA NA NA NA NA NA NA NA NA NA NA NA NA NA NA NA NA NA NA NA NA NA NA NA NA NA NA NA NA NA NA NA NA NA NA NA NA NA NA NA NA NA NA NA NA NA NA NA NA NA NA NA NA NA NA NA NA NA NA NA NA NA NA NA NA NA NA"/>
        <minSGAP time="73.10" position="852.92,1460.72" value="72.61" leader="flow_14.0"/>
        <TGAPSpan values="NA 635.41 328.09 220.20 170.58 135.31 116.98 103.29 90.95 82.27 77.15 72.23 66.44 62.90 58.23 54.36 50.86 47.80 45.96 43.92 41.59 40.47 38.95 37.82 36.08 35.11 33.68 32.62 31.80 30.72 30.09 29.34 28.61 28.11 27.14 26.36 25.76 25.21 24.68 24.20 NA NA NA NA NA NA NA NA NA NA NA NA NA NA NA NA NA NA NA NA NA NA NA NA NA NA NA NA NA NA NA NA NA NA NA NA NA NA NA NA NA NA NA NA NA NA NA NA NA NA NA NA NA NA NA NA NA NA NA NA NA NA NA NA NA NA NA NA NA NA NA NA NA NA NA NA NA NA NA NA NA NA NA NA NA NA NA NA NA NA NA NA NA NA NA NA NA NA NA NA NA NA NA NA NA NA NA NA NA NA NA NA NA NA NA NA NA NA NA NA NA NA NA NA NA NA NA NA NA NA NA NA NA NA NA NA NA NA NA NA NA NA NA NA NA NA NA NA NA NA NA NA NA NA NA NA NA NA NA NA NA NA NA NA NA NA NA NA NA NA NA NA NA NA NA NA NA NA NA NA NA NA NA NA NA NA NA NA NA NA NA NA NA NA NA NA NA NA NA NA NA NA NA NA NA NA NA NA NA NA NA NA NA NA NA NA NA NA NA NA NA NA NA NA NA NA NA NA NA NA NA NA NA NA NA NA NA NA NA NA NA NA NA NA NA NA NA NA NA NA NA NA NA NA NA NA NA NA NA NA NA NA NA NA NA NA NA NA NA NA NA NA NA NA NA NA NA NA NA NA NA NA NA NA NA NA NA NA NA NA NA NA NA NA NA NA NA NA NA NA NA NA NA NA NA NA NA NA NA NA NA NA NA NA NA NA NA NA NA NA"/>
        <minTGAP time="77.00" position="846.02,1463.34" value="24.20" leader="flow_14.0"/>
    </globalMeasures>
</SSMLog>
